1042.208489	859.75
1042.775002	856.75
1043.341458	854.75
1043.907855	850.0
1044.474195	849.25
1045.040476	855.75
1045.6067	852.25
1046.172866	844.5
1046.738974	849.0
1047.305024	844.5
1047.871015	850.25
1048.436949	841.0
1049.002825	846.25
1049.568644	850.25
1050.134404	838.5
1050.700106	838.25
1051.26575	840.75
1051.831337	841.75
1052.396865	832.0
1052.962336	845.5
1053.527749	837.0
1054.093103	833.5
1054.6584	838.0
1055.223639	828.0
1055.788821	836.5
1056.353944	835.75
1056.919009	839.0
1057.484017	834.25
1058.048967	842.75
1058.613858	837.75
1059.178692	836.75
1059.743468	839.25
1060.308187	833.5
1060.872847	840.25
1061.43745	829.0
1062.001994	840.25
1062.566481	834.25
1063.13091	841.5
1063.695281	833.75
1064.259595	835.5
1064.82385	827.75
1065.388048	833.0
1065.952188	835.5
1066.51627	833.75
1067.080295	829.5
1067.644261	836.25
1068.20817	827.75
1068.772021	829.5
1069.335814	832.25
1069.899549	844.5
1070.463227	830.75
1071.026847	826.5
1071.590409	832.25
1072.153913	836.0
1072.717359	833.0
1073.280748	827.25
1073.844079	833.75
1074.407352	828.75
1074.970568	833.75
1075.533726	836.25
1076.096826	830.5
1076.659868	838.5
1077.222853	830.75
1077.785779	825.5
1078.348648	833.5
1078.91146	830.5
1079.474214	828.5
1080.036909	831.0
1080.599548	830.25
1081.162128	823.25
1081.724651	832.75
1082.287116	833.5
1082.849524	835.5
1083.411873	834.25
1083.974165	831.5
1084.5364	823.0
1085.098577	829.0
1085.660696	830.75
1086.222757	826.75
1086.784761	831.75
1087.346707	836.5
1087.908595	828.25
1088.470426	831.25
1089.032199	824.25
1089.593914	828.75
1090.155572	831.25
1090.717172	835.0
1091.278715	831.75
1091.8402	827.75
1092.401627	825.75
1092.962997	825.0
1093.524309	823.5
1094.085563	827.5
1094.64676	825.0
1095.207899	833.0
1095.768981	831.25
1096.330005	826.75
1096.890971	833.5
1097.45188	826.0
1098.012732	830.0
1098.573525	822.0
1099.134261	826.75
1099.69494	827.5
1100.255561	826.0
1100.816124	836.75
1101.37663	824.0
1101.937078	829.75
1102.497469	827.0
1103.057802	830.0
1103.618078	826.75
1104.178296	828.5
1104.738456	830.75
1105.298559	821.0
1105.858605	837.0
1106.418593	826.0
1106.978523	825.0
1107.538396	830.0
1108.098212	831.25
1108.657969	832.5
1109.21767	823.75
1109.777313	833.0
1110.336898	827.75
1110.896426	828.5
1111.455896	823.75
1112.015309	822.75
1112.574665	833.0
1113.133963	830.5
1113.693203	821.75
1114.252386	827.25
1114.811512	829.0
1115.37058	826.5
1115.92959	825.5
1116.488544	830.5
1117.047439	827.25
1117.606278	823.25
1118.165058	829.0
1118.723782	823.0
1119.282448	823.5
1119.841056	836.0
1120.399607	823.75
1120.958101	821.0
1121.516537	826.5
1122.074916	821.0
1122.633237	821.25
1123.191501	821.0
1123.749708	818.25
1124.307857	819.5
1124.865949	821.5
1125.423984	821.5
1125.981961	821.5
1126.53988	824.25
1127.097742	826.0
1127.655547	823.75
1128.213295	830.5
1128.770985	816.25
1129.328618	813.5
1129.886193	825.0
1130.443711	826.25
1131.001172	815.0
1131.558575	818.25
1132.115921	823.25
1132.67321	821.0
1133.230441	826.0
1133.787615	816.75
1134.344732	823.25
1134.901792	826.25
1135.458794	821.75
1136.015738	816.75
1136.572626	813.25
1137.129456	821.5
1137.686229	819.25
1138.242944	828.5
1138.799602	821.25
1139.356203	822.75
1139.912747	821.25
1140.469233	823.75
1141.025662	815.0
1141.582034	821.25
1142.138348	822.0
1142.694606	825.25
1143.250806	821.0
1143.806948	820.75
1144.363034	823.25
1144.919062	823.75
1145.475033	814.5
1146.030946	816.5
1146.586803	818.75
1147.142602	822.0
1147.698344	825.0
1148.254029	820.0
1148.809656	826.5
1149.365227	820.0
1149.92074	834.25
1150.476195	829.75
1151.031594	847.25
1151.586936	850.0
1152.14222	826.5
1152.697447	823.25
1153.252617	819.5
1153.807729	827.5
1154.362785	817.5
1154.917783	818.5
1155.472724	816.25
1156.027608	820.75
1156.582435	823.0
1157.137204	817.5
1157.691917	819.0
1158.246572	823.75
1158.80117	819.5
1159.355711	819.0
1159.910195	818.0
1160.464621	816.0
1161.018991	824.25
1161.573303	821.75
1162.127558	821.0
1162.681756	827.25
1163.235897	821.0
1163.789981	816.75
1164.344008	819.75
1164.897978	827.75
1165.45189	822.75
1166.005745	831.75
1166.559544	823.0
1167.113285	815.75
1167.666969	816.5
1168.220596	817.75
1168.774166	821.75
1169.327679	823.0
1169.881135	817.0
1170.434533	821.5
1170.987875	820.5
1171.541159	813.25
1172.094387	816.75
1172.647557	823.75
1173.200671	822.75
1173.753727	821.5
1174.306726	820.0
1174.859668	823.0
1175.412554	819.0
1175.965382	814.75
1176.518153	820.25
1177.070867	822.25
1177.623524	827.0
1178.176124	828.0
1178.728667	812.25
1179.281153	825.5
1179.833582	818.75
1180.385954	821.5
1180.938269	819.25
1181.490527	820.5
1182.042728	827.0
1182.594872	830.25
1183.146959	821.5
1183.698989	822.0
1184.250962	827.25
1184.802878	823.0
1185.354737	825.5
1185.906539	821.5
1186.458285	823.25
1187.009973	815.75
1187.561604	830.0
1188.113178	822.25
1188.664696	828.5
1189.216156	827.5
1189.76756	815.5
1190.318906	821.0
1190.870196	824.0
1191.421429	831.75
1191.972604	824.0
1192.523723	823.5
1193.074785	846.0
1193.62579	820.5
1194.176738	819.5
1194.727629	824.25
1195.278464	828.0
1195.829241	811.75
1196.379962	825.25
1196.930625	812.5
1197.481232	817.5
1198.031782	818.5
1198.582275	817.0
1199.132711	821.5
1199.68309	813.0
1200.233413	816.25
1200.783678	825.5
1201.333887	815.25
1201.884039	826.75
1202.434134	816.75
1202.984172	819.75
1203.534153	816.0
1204.084077	825.25
1204.633945	823.75
1205.183756	821.0
1205.73351	821.5
1206.283207	815.0
1206.832847	820.75
1207.38243	817.25
1207.931957	822.5
1208.481427	815.25
1209.03084	816.75
1209.580196	812.5
1210.129496	820.25
1210.678738	814.0
1211.227924	821.0
1211.777053	825.75
1212.326126	815.0
1212.875141	816.5
1213.4241	822.75
1213.973002	819.5
1214.521847	816.0
1215.070636	818.5
1215.619367	819.25
1216.168042	818.0
1216.71666	821.0
1217.265222	817.25
1217.813726	824.75
1218.362174	817.75
1218.910566	824.5
1219.4589	827.25
1220.007178	830.75
1220.555399	819.25
1221.103563	826.25
1221.651671	818.5
1222.199722	817.75
1222.747716	815.75
1223.295653	826.0
1223.843534	817.5
1224.391358	819.0
1224.939126	825.5
1225.486836	819.0
1226.03449	824.25
1226.582088	823.0
1227.129628	820.0
1227.677112	827.25
1228.22454	820.5
1228.77191	819.75
1229.319224	818.75
1229.866482	824.25
1230.413682	822.0
1230.960826	822.0
1231.507914	824.75
1232.054945	826.75
1232.601919	818.75
1233.148836	820.25
1233.695697	819.25
1234.242501	821.5
1234.789249	821.0
1235.33594	821.5
1235.882574	823.5
1236.429152	825.0
1236.975673	817.75
1237.522138	817.25
1238.068545	828.25
1238.614897	817.5
1239.161191	823.0
1239.70743	816.5
1240.253611	819.25
1240.799736	819.0
1241.345805	818.25
1241.891816	818.0
1242.437772	813.75
1242.98367	822.0
1243.529512	816.75
1244.075298	814.5
1244.621027	823.25
1245.1667	825.25
1245.712315	821.5
1246.257875	813.75
1246.803378	819.25
1247.348824	823.0
1247.894214	816.5
1248.439547	825.0
1248.984824	821.0
1249.530044	828.0
1250.075208	818.75
1250.620315	813.75
1251.165365	816.0
1251.71036	819.25
1252.255297	820.25
1252.800178	813.25
1253.345003	831.75
1253.889771	814.75
1254.434483	821.0
1254.979138	820.5
1255.523737	826.0
1256.068279	821.5
1256.612765	825.5
1257.157194	812.75
1257.701567	817.25
1258.245884	813.25
1258.790143	815.75
1259.334347	826.0
1259.878494	842.25
1260.422585	826.0
1260.966619	819.5
1261.510596	817.0
1262.054518	824.0
1262.598383	809.75
1263.142191	826.5
1263.685943	820.75
1264.229639	829.75
1264.773278	835.0
1265.316861	857.25
1265.860387	869.5
1266.403857	858.5
1266.947271	832.0
1267.490628	824.75
1268.033929	827.0
1268.577173	815.25
1269.120361	814.0
1269.663493	826.75
1270.206568	812.5
1270.749587	813.25
1271.292549	817.5
1271.835456	817.0
1272.378305	814.0
1272.921099	818.75
1273.463836	820.0
1274.006517	813.5
1274.549141	819.75
1275.091709	814.5
1275.634221	824.0
1276.176676	813.75
1276.719075	812.75
1277.261418	819.75
1277.803704	819.0
1278.345935	821.25
1278.888108	815.0
1279.430226	819.75
1279.972287	815.25
1280.514292	816.75
1281.05624	819.25
1281.598133	817.75
1282.139969	824.75
1282.681748	827.75
1283.223472	827.5
1283.765139	833.25
1284.30675	846.5
1284.848304	905.5
1285.389803	1144.5
1285.931245	1617.25
1286.472631	1363.25
1287.01396	954.75
1287.555233	851.75
1288.09645	839.0
1288.637611	825.0
1289.178716	827.0
1289.719764	826.25
1290.260756	826.0
1290.801692	823.0
1291.342572	824.25
1291.883395	822.25
1292.424162	818.0
1292.964873	819.5
1293.505528	824.75
1294.046126	823.5
1294.586669	818.75
1295.127155	817.5
1295.667585	822.75
1296.207958	816.25
1296.748276	818.75
1297.288537	818.0
1297.828743	823.25
1298.368892	814.0
1298.908984	820.75
1299.449021	821.75
1299.989002	820.25
1300.528926	818.75
1301.068794	820.5
1301.608606	816.25
1302.148362	815.5
1302.688062	823.75
1303.227705	817.5
1303.767293	812.25
1304.306824	815.75
1304.846299	818.75
1305.385718	813.75
1305.925081	814.5
1306.464388	820.5
1307.003639	815.5
1307.542833	814.0
1308.081972	817.25
1308.621054	818.75
1309.16008	814.0
1309.699051	816.25
1310.237965	820.75
1310.776823	813.75
1311.315625	812.25
1311.85437	814.25
1312.39306	819.25
1312.931694	824.75
1313.470271	813.5
1314.008793	811.25
1314.547258	814.5
1315.085668	814.25
1315.624021	815.0
1316.162318	808.0
1316.70056	815.5
1317.238745	810.0
1317.776874	815.5
1318.314947	818.0
1318.852964	818.25
1319.390925	811.75
1319.92883	816.75
1320.466679	814.5
1321.004472	808.0
1321.542209	804.5
1322.07989	818.75
1322.617515	810.5
1323.155084	814.0
1323.692597	828.5
1324.230054	807.75
1324.767455	807.75
1325.3048	804.5
1325.842089	809.0
1326.379322	812.5
1326.916499	813.0
1327.45362	813.25
1327.990685	811.25
1328.527694	810.75
1329.064647	814.75
1329.601544	815.5
1330.138386	811.75
1330.675171	815.75
1331.2119	808.25
1331.748574	810.5
1332.285191	808.0
1332.821753	808.75
1333.358258	815.5
1333.894708	814.0
1334.431102	816.5
1334.967439	813.5
1335.503721	810.0
1336.039947	814.75
1336.576117	812.0
1337.112232	809.75
1337.64829	811.75
1338.184292	810.75
1338.720239	811.75
1339.256129	816.75
1339.791964	806.75
1340.327743	810.25
1340.863466	811.5
1341.399133	808.75
1341.934744	809.25
1342.470299	803.5
1343.005799	811.0
1343.541243	812.25
1344.07663	814.25
1344.611962	813.75
1345.147238	815.0
1345.682458	813.5
1346.217623	816.25
1346.752731	807.5
1347.287784	811.25
1347.822781	815.5
1348.357722	816.0
1348.892607	816.75
1349.427437	818.5
1349.96221	818.0
1350.496928	813.0
1351.03159	807.0
1351.566196	803.75
1352.100746	811.75
1352.635241	815.0
1353.16968	810.75
1353.704063	812.0
1354.23839	814.75
1354.772661	806.75
1355.306877	812.25
1355.841037	807.0
1356.375141	811.0
1356.909189	810.0
1357.443182	816.0
1357.977118	812.75
1358.510999	815.5
1359.044825	817.75
1359.578594	817.5
1360.112308	810.25
1360.645966	812.5
1361.179568	815.25
1361.713115	811.0
1362.246606	811.75
1362.780041	808.5
1363.31342	813.75
1363.846744	809.0
1364.380012	812.5
1364.913224	819.5
1365.446381	808.5
1365.979482	811.0
1366.512527	817.0
1367.045516	814.25
1367.57845	812.75
1368.111328	811.25
1368.644151	805.75
1369.176917	807.5
1369.709628	811.5
1370.242284	810.0
1370.774884	824.75
1371.307428	828.25
1371.839916	809.25
1372.372349	814.25
1372.904726	804.25
1373.437047	818.25
1373.969313	812.5
1374.501523	814.75
1375.033678	806.0
1375.565776	804.75
1376.09782	806.5
1376.629807	807.75
1377.161739	809.25
1377.693615	807.5
1378.225436	812.5
1378.757201	819.0
1379.288911	811.0
1379.820565	814.5
1380.352163	814.0
1380.883706	815.0
1381.415193	816.0
1381.946624	820.25
1382.478	816.25
1383.009321	814.75
1383.540585	817.25
1384.071795	811.5
1384.602948	816.75
1385.134046	819.0
1385.665089	810.75
1386.196076	827.75
1386.727007	840.25
1387.257883	844.0
1387.788703	864.5
1388.319468	1002.25
1388.850177	1690.5
1389.38083	2230.0
1389.911429	1218.25
1390.441971	886.5
1390.972458	842.75
1391.50289	831.25
1392.033266	824.75
1392.563586	811.25
1393.093851	817.25
1393.624061	820.5
1394.154214	808.5
1394.684313	819.75
1395.214356	812.0
1395.744343	814.0
1396.274275	817.0
1396.804152	810.0
1397.333973	807.75
1397.863738	816.0
1398.393448	814.5
1398.923103	809.75
1399.452702	810.5
1399.982246	809.5
1400.511734	808.5
1401.041167	812.25
1401.570544	814.25
1402.099866	803.25
1402.629132	816.25
1403.158343	805.5
1403.687498	812.0
1404.216598	810.0
1404.745643	810.25
1405.274632	809.25
1405.803566	810.0
1406.332444	806.0
1406.861267	813.75
1407.390035	800.5
1407.918747	808.0
1408.447404	813.0
1408.976005	820.75
1409.504551	831.25
1410.033041	872.25
1410.561476	928.25
1411.089856	875.0
1411.618181	835.25
1412.14645	808.75
1412.674663	812.5
1413.202821	812.0
1413.730924	809.5
1414.258972	816.0
1414.786964	812.5
1415.314901	823.0
1415.842782	807.75
1416.370608	813.75
1416.898379	812.0
1417.426094	811.0
1417.953754	808.0
1418.481359	813.25
1419.008908	800.5
1419.536402	811.25
1420.063841	808.5
1420.591225	812.5
1421.118553	814.5
1421.645826	802.75
1422.173043	813.75
1422.700205	812.75
1423.227312	805.75
1423.754364	813.25
1424.28136	809.75
1424.808301	812.0
1425.335187	805.75
1425.862017	810.25
1426.388792	810.75
1426.915512	809.5
1427.442177	810.25
1427.968786	811.5
1428.49534	806.75
1429.021839	807.0
1429.548282	806.25
1430.074671	813.75
1430.601004	808.0
1431.127281	800.75
1431.653504	808.75
1432.179671	813.5
1432.705783	813.75
1433.23184	808.25
1433.757842	807.75
1434.283788	811.25
1434.809679	807.5
1435.335515	805.5
1435.861296	802.5
1436.387022	811.75
1436.912692	814.0
1437.438307	816.75
1437.963867	804.75
1438.489372	800.0
1439.014821	808.5
1439.540216	809.5
1440.065555	811.75
1440.590839	808.25
1441.116068	806.5
1441.641241	816.75
1442.16636	810.75
1442.691423	810.0
1443.216431	816.25
1443.741384	808.25
1444.266282	805.0
1444.791125	800.25
1445.315912	813.75
1445.840645	810.5
1446.365322	814.5
1446.889944	807.5
1447.414511	816.75
1447.939023	811.25
1448.463479	806.0
1448.987881	810.25
1449.512228	804.5
1450.036519	810.75
1450.560755	809.0
1451.084936	799.75
1451.609062	814.0
1452.133133	809.0
1452.657149	802.75
1453.18111	807.0
1453.705016	817.25
1454.228866	807.0
1454.752662	814.25
1455.276402	809.0
1455.800088	807.75
1456.323718	813.25
1456.847293	808.25
1457.370813	811.5
1457.894278	813.5
1458.417689	805.25
1458.941044	814.5
1459.464344	803.25
1459.987588	812.0
1460.510778	814.0
1461.033913	807.5
1461.556993	814.0
1462.080018	800.0
1462.602987	825.25
1463.648762	822.25
1464.171567	806.5
1464.694316	801.0
1465.217011	806.25
1465.739651	806.0
1466.262235	806.75
1466.784765	805.25
1467.30724	804.75
1467.829659	799.0
1468.352024	812.0
1468.874334	813.75
1469.396589	807.5
1469.918788	812.5
1470.440933	806.0
1470.963023	805.75
1471.485058	813.75
1472.007038	798.25
1472.528963	806.25
1473.050833	803.5
1473.572648	802.0
1474.094408	804.75
1474.616113	804.5
1475.137763	803.5
1475.659358	800.5
1476.180899	798.5
1476.702384	802.5
1477.223815	805.25
1477.74519	795.5
1478.266511	807.25
1478.787777	807.5
1479.308988	806.75
1479.830144	807.25
1480.351245	798.5
1480.872291	801.5
1481.393282	803.75
1481.914218	800.0
1482.4351	810.0
1482.955926	805.5
1483.476698	800.0
1483.997415	801.0
1484.518077	799.5
1485.038684	806.25
1485.559236	809.5
1486.079734	804.25
1486.600176	803.0
1487.120564	807.5
1487.640896	797.25
1488.161174	797.75
1488.681398	807.5
1489.201566	806.25
1489.721679	803.75
1490.241738	798.5
1490.761742	804.5
1491.281691	808.0
1491.801585	803.0
1492.321424	799.0
1492.841208	797.75
1493.360938	801.5
1493.880613	800.5
1494.400233	805.5
1494.919798	796.75
1495.439309	804.0
1495.958764	801.25
1496.478165	805.25
1496.997511	802.75
1497.516803	798.25
1498.036039	798.75
1498.555221	805.25
1499.074348	792.25
1499.59342	811.75
1500.112438	809.25
1500.6314	797.5
1501.150308	802.75
1501.669161	800.0
1502.18796	806.5
1502.706704	796.75
1503.225393	802.5
1503.744027	794.5
1504.262606	806.0
1504.781131	805.75
1505.299601	800.5
1505.818016	791.25
1506.336377	794.25
1506.854683	796.5
1507.372934	795.5
1507.89113	792.5
1508.409272	795.5
1508.927359	796.25
1509.445391	795.5
1509.963369	790.75
1510.481292	801.75
1510.99916	801.75
1511.516974	800.0
1512.034733	798.5
1512.552437	793.0
1513.070086	796.25
1513.587681	799.25
1514.105221	804.0
1514.622707	797.75
1515.140138	795.5
1515.657514	797.5
1516.174836	791.75
1516.692102	795.5
1517.209315	797.75
1517.726472	796.25
1518.243575	798.75
1518.760624	788.75
1519.277617	798.5
1519.794557	798.25
1520.311441	797.25
1520.828271	798.5
1521.345046	799.75
1521.861767	790.5
1522.378433	799.25
1522.895044	800.5
1523.411601	804.0
1523.928103	796.5
1524.444551	795.5
1524.960944	790.75
1525.477282	802.25
1525.993566	821.0
1526.509795	821.25
1527.02597	805.5
1527.54209	797.5
1528.058156	801.75
1528.574167	799.75
1529.090123	793.75
1529.606025	792.5
1530.121872	798.75
1530.637665	808.0
1531.153403	799.75
1531.669087	799.5
1532.184716	805.25
1532.700291	802.0
1533.215811	801.25
1533.731276	803.0
1534.246687	804.75
1534.762044	800.5
1535.277346	794.75
1535.792593	800.5
1536.307786	799.0
1536.822924	804.5
1537.338008	802.25
1537.853038	797.5
1538.368013	791.75
1538.882933	801.5
1539.397799	802.5
1539.91261	799.0
1540.427367	796.5
1540.94207	793.75
1541.456718	796.25
1541.971311	799.25
1542.48585	803.5
1543.000335	797.5
1543.514765	799.75
1544.029141	801.0
1544.543462	798.0
1545.057729	804.25
1545.571941	801.5
1546.086099	804.5
1546.600202	792.5
1547.114251	796.5
1547.628246	793.5
1548.142186	796.75
1548.656072	800.5
1549.169903	798.0
1549.68368	802.0
1550.197402	791.25
1550.71107	793.5
1551.224684	802.5
1551.738243	796.0
1552.251748	797.0
1552.765198	799.0
1553.278594	800.0
1553.791936	799.25
1554.305223	796.0
1554.818456	802.25
1555.331634	795.5
1555.844758	793.5
1556.357828	794.75
1556.870843	805.0
1557.383804	796.75
1557.896711	803.0
1558.409563	799.75
1558.922361	802.5
1559.435105	797.25
1559.947794	804.5
1560.460429	804.25
1560.973009	795.75
1561.485535	800.0
1561.998007	813.25
1562.510425	794.25
1563.022788	805.0
1563.535097	803.25
1564.047351	800.75
1564.559551	801.5
1565.071697	802.75
1565.583789	802.5
1566.095826	804.75
1566.607809	801.0
1567.119738	803.25
1567.631612	810.0
1568.143432	802.0
1568.655198	802.0
1569.16691	802.5
1569.678567	805.0
1570.19017	802.75
1570.701719	798.0
1571.213213	794.25
1571.724653	801.0
1572.236039	797.0
1572.747371	792.25
1573.258648	796.25
1573.769871	809.5
1574.28104	800.25
1574.792155	790.5
1575.303215	798.5
1575.814221	797.75
1576.325173	801.25
1576.836071	803.5
1577.346914	792.0
1577.857703	795.75
1578.368438	789.0
1578.879119	799.5
1579.389746	798.25
1579.900318	795.5
1580.410836	798.0
1580.9213	794.75
1581.43171	798.0
1581.942065	798.0
1582.452366	800.25
1582.962614	796.25
1583.472807	798.75
1583.982945	797.5
1584.49303	804.0
1585.00306	795.25
1585.513037	797.75
1586.022959	797.5
1586.532827	793.75
1587.04264	791.25
1587.5524	796.75
1588.062105	807.25
1588.571757	794.75
1589.081354	793.25
1589.590897	799.25
1590.100386	796.5
1590.60982	800.75
1591.119201	794.75
1591.628527	796.75
1592.1378	801.0
