1042.452273	700.7999878
1043.018714	692.7999878
1043.585098	693.7999878
1044.151424	694.0
1044.717692	695.2000122
1045.283903	700.0
1045.850056	697.0
1046.416151	697.4000244
1046.982188	690.2000122
1047.548167	692.0
1048.114089	694.2000122
1048.679953	691.7999878
1049.24576	696.7999878
1049.811509	692.7999878
1050.3772	694.2000122
1050.942833	693.5999756
1051.508408	694.4000244
1052.073926	690.0
1052.639387	693.4000244
1053.204789	692.5999756
1053.770134	695.2000122
1054.335421	693.2000122
1054.900651	696.7999878
1055.465823	690.2000122
1056.030937	693.5999756
1056.595993	691.7999878
1057.160992	689.2000122
1057.725934	690.7999878
1058.290817	694.5999756
1058.855643	695.7999878
1059.420411	690.0
1059.985122	689.2000122
1060.549775	692.0
1061.114371	690.7999878
1061.678908	692.7999878
1062.243389	690.7999878
1062.807811	689.7999878
1063.372176	691.0
1063.936483	689.7999878
1064.500733	690.7999878
1065.064925	693.4000244
1065.62906	694.2000122
1066.193137	690.5999756
1066.757156	691.0
1067.321118	691.5999756
1067.885022	688.7999878
1068.448869	689.7999878
1069.012658	693.4000244
1069.57639	692.4000244
1070.140063	691.5999756
1070.70368	691.2000122
1071.267239	688.5999756
1071.83074	688.7999878
1072.394184	690.7999878
1072.95757	690.5999756
1073.520899	685.4000244
1074.08417	691.5999756
1074.647383	690.2000122
1075.21054	689.0
1075.773638	688.7999878
1076.336679	690.7999878
1076.899663	691.2000122
1077.462589	689.5999756
1078.025457	689.0
1078.588268	693.0
1079.151022	688.4000244
1079.713718	688.7999878
1080.276356	692.0
1080.838937	690.7999878
1081.401461	690.7999878
1081.963927	689.7999878
1082.526336	688.7999878
1083.088687	687.7999878
1083.650981	691.2000122
1084.213217	687.7999878
1084.775396	688.0
1085.337517	691.2000122
1085.899581	690.0
1086.461587	688.2000122
1087.023536	690.0
1087.585428	689.0
1088.147262	688.4000244
1088.709039	688.0
1089.270758	690.5999756
1089.83242	690.0
1090.394024	688.0
1090.955571	689.5999756
1091.517061	689.5999756
1092.078493	690.4000244
1092.639868	688.4000244
1093.201185	690.5999756
1093.762445	687.4000244
1094.323648	687.2000122
1094.884793	687.5999756
1095.445881	691.7999878
1096.006911	689.7999878
1096.567884	691.2000122
1097.1288	692.4000244
1097.689659	685.7999878
1098.25046	690.7999878
1098.811203	684.7999878
1099.37189	691.0
1099.932518	688.7999878
1100.49309	690.2000122
1101.053604	689.5999756
1101.614061	687.4000244
1102.174461	685.7999878
1102.734803	689.2000122
1103.295088	686.5999756
1103.855316	685.5999756
1104.415486	686.4000244
1104.975599	685.4000244
1105.535655	693.7999878
1106.095653	690.2000122
1106.655594	691.7999878
1107.215478	689.2000122
1107.775305	688.5999756
1108.335074	687.7999878
1108.894786	686.2000122
1109.45444	687.5999756
1110.014038	684.7999878
1110.573578	684.5999756
1111.133061	685.7999878
1111.692486	686.0
1112.251854	687.5999756
1112.811165	688.7999878
1113.370419	688.2000122
1113.929616	687.0
1114.488755	688.2000122
1115.047837	684.0
1115.606862	690.5999756
1116.16583	688.2000122
1116.72474	686.0
1117.283593	688.2000122
1117.842389	689.4000244
1118.401128	687.7999878
1118.959809	685.7999878
1119.518433	684.5999756
1120.077	686.0
1120.63551	689.2000122
1121.193963	685.7999878
1121.752358	688.4000244
1122.310697	687.5999756
1122.868978	689.5999756
1123.427202	685.2000122
1123.985368	687.2000122
1124.543478	686.5999756
1125.10153	687.5999756
1125.659526	684.7999878
1126.217464	685.5999756
1126.775345	686.4000244
1127.333168	685.2000122
1127.890935	687.2000122
1128.448644	686.2000122
1129.006297	684.2000122
1129.563892	686.7999878
1130.12143	685.4000244
1130.678911	684.0
1131.236335	691.2000122
1131.793701	686.2000122
1132.351011	684.5999756
1132.908263	686.0
1133.465458	685.2000122
1134.022597	688.7999878
1134.579678	687.0
1135.136702	683.7999878
1135.693669	686.0
1136.250578	683.7999878
1136.807431	689.4000244
1137.364227	684.7999878
1137.920965	685.2000122
1138.477647	685.5999756
1139.034271	688.0
1139.590839	684.2000122
1140.147349	691.2000122
1140.703802	685.7999878
1141.260198	684.7999878
1141.816537	687.7999878
1142.37282	687.0
1142.929045	684.0
1143.485213	687.2000122
1144.041323	687.4000244
1144.597377	689.0
1145.153374	686.2000122
1145.709314	680.2000122
1146.265197	685.5999756
1146.821023	689.0
1147.376792	684.0
1147.932503	688.7999878
1148.488158	689.7999878
1149.043756	687.5999756
1149.599297	685.4000244
1150.154781	682.7999878
1150.710207	684.4000244
1151.265577	690.7999878
1151.82089	687.0
1152.376146	683.2000122
1152.931345	689.0
1153.486487	685.4000244
1154.041572	688.7999878
1154.5966	686.7999878
1155.151571	687.5999756
1155.706485	684.7999878
1156.261342	689.7999878
1156.816142	688.0
1157.370885	685.5999756
1157.925572	684.5999756
1158.480201	687.4000244
1159.034774	686.2000122
1159.589289	682.7999878
1160.143748	684.7999878
1160.698149	687.2000122
1161.252494	687.5999756
1161.806782	685.0
1162.361013	691.5999756
1162.915187	688.0
1163.469304	682.5999756
1164.023364	686.5999756
1164.577368	685.4000244
1165.131314	687.0
1165.685204	687.4000244
1166.239036	688.4000244
1166.792812	688.0
1167.346531	684.7999878
1167.900193	684.7999878
1168.453798	684.0
1169.007347	684.4000244
1169.560838	686.0
1170.114273	686.7999878
1170.66765	685.0
1171.220971	685.5999756
1171.774235	685.7999878
1172.327443	684.4000244
1172.880593	687.4000244
1173.433687	687.2000122
1173.986723	689.2000122
1174.539703	688.4000244
1175.092626	685.7999878
1175.645493	685.7999878
1176.198302	684.2000122
1176.751055	683.7999878
1177.303751	690.0
1177.85639	687.4000244
1178.408972	683.7999878
1178.961498	683.2000122
1179.513966	685.5999756
1180.066378	688.0
1180.618733	687.0
1181.171032	684.2000122
1181.723273	683.7999878
1182.275458	685.7999878
1182.827586	685.2000122
1183.379657	685.0
1183.931672	689.5999756
1184.48363	685.2000122
1185.035531	687.7999878
1185.587375	686.2000122
1186.139162	686.0
1186.690893	689.0
1187.242567	682.4000244
1187.794184	685.4000244
1188.345745	684.5999756
1188.897249	689.0
1189.448696	682.2000122
1190.000086	683.7999878
1190.55142	684.7999878
1191.102697	683.2000122
1191.653918	687.5999756
1192.205081	683.2000122
1192.756188	685.7999878
1193.307238	700.7999878
1193.858232	686.2000122
1194.409169	685.5999756
1194.960049	685.5999756
1195.510872	684.7999878
1196.061639	684.0
1196.612349	689.0
1197.163003	684.0
1197.713599	682.5999756
1198.264139	686.7999878
1198.814623	682.0
1199.36505	686.5999756
1199.91542	683.4000244
1200.465734	687.0
1201.01599	685.5999756
1201.566191	685.5999756
1202.116334	684.7999878
1202.666421	682.5999756
1203.216452	684.7999878
1203.766425	685.5999756
1204.316343	688.0
1204.866203	685.4000244
1205.416007	687.0
1205.965754	683.7999878
1206.515445	685.2000122
1207.065079	682.4000244
1207.614657	691.0
1208.164177	682.2000122
1208.713642	682.7999878
1209.26305	683.0
1209.812401	684.2000122
1210.361695	685.4000244
1210.910933	686.2000122
1211.460115	683.5999756
1212.00924	686.2000122
1212.558308	681.5999756
1213.10732	685.4000244
1213.656275	684.5999756
1214.205174	684.2000122
1214.754016	684.2000122
1215.302801	686.5999756
1215.85153	686.2000122
1216.400203	687.4000244
1216.948819	685.4000244
1217.497378	684.4000244
1218.045881	683.0
1218.594327	684.2000122
1219.142717	684.4000244
1219.691051	685.4000244
1220.239327	683.0
1220.787548	687.4000244
1221.335712	684.7999878
1221.883819	684.5999756
1222.43187	685.0
1222.979864	683.7999878
1223.527802	681.7999878
1224.075683	685.4000244
1224.623508	687.0
1225.171277	682.2000122
1225.718989	684.7999878
1226.266644	687.5999756
1226.814243	685.7999878
1227.361786	685.4000244
1227.909272	681.7999878
1228.456702	684.2000122
1229.004075	688.5999756
1229.551392	684.0
1230.098652	683.2000122
1230.645856	683.7999878
1231.193003	684.5999756
1231.740094	687.2000122
1232.287129	685.4000244
1232.834107	684.4000244
1233.381029	685.4000244
1233.927894	686.5999756
1234.474703	684.0
1235.021455	684.4000244
1235.568151	684.7999878
1236.114791	682.2000122
1236.661374	682.0
1237.207901	682.2000122
1237.754372	685.7999878
1238.300786	685.2000122
1238.847144	689.0
1239.393445	685.0
1239.93969	685.4000244
1240.485879	687.4000244
1241.032011	686.2000122
1241.578087	685.4000244
1242.124106	686.0
1242.67007	684.2000122
1243.215976	686.4000244
1243.761827	690.4000244
1244.307621	682.7999878
1244.853359	685.2000122
1245.39904	686.4000244
1245.944665	684.2000122
1246.490234	689.4000244
1247.035746	683.2000122
1247.581203	687.2000122
1248.126602	686.7999878
1248.671946	686.4000244
1249.217233	688.7999878
1249.762464	683.4000244
1250.307638	688.2000122
1250.852757	682.7999878
1251.397819	687.4000244
1251.942824	684.0
1252.487774	682.2000122
1253.032667	685.4000244
1253.577503	685.2000122
1254.122284	681.5999756
1254.667008	686.4000244
1255.211676	685.4000244
1255.756288	684.2000122
1256.300843	684.2000122
1256.845342	684.2000122
1257.389785	687.5999756
1257.934172	686.0
1258.478502	686.7999878
1259.022776	689.0
1259.566994	684.4000244
1260.111156	697.4000244
1260.655261	685.4000244
1261.199311	686.7999878
1261.743304	685.0
1262.28724	685.0
1262.831121	689.2000122
1263.374945	690.5999756
1263.918713	692.5999756
1264.462425	700.5999756
1265.006081	708.4000244
1265.54968	719.5999756
1266.093223	703.7999878
1266.636711	695.5999756
1267.180141	688.2000122
1267.723516	688.7999878
1268.266835	690.7999878
1268.810097	687.4000244
1269.353303	685.7999878
1269.896453	686.7999878
1270.439547	690.0
1270.982584	685.2000122
1271.525566	685.2000122
1272.068491	687.5999756
1272.61136	687.5999756
1273.154173	687.2000122
1273.69693	685.0
1274.239631	686.2000122
1274.782275	686.7999878
1275.324864	685.2000122
1275.867396	687.4000244
1276.409872	686.0
1276.952292	684.4000244
1277.494656	686.7999878
1278.036964	686.0
1278.579215	684.2000122
1279.121411	686.5999756
1279.66355	686.0
1280.205634	685.7999878
1280.747661	686.4000244
1281.289632	689.7999878
1281.831547	688.0
1282.373406	689.4000244
1282.915209	693.4000244
1283.456955	698.2000122
1283.998646	721.0
1284.540281	767.0
1285.081859	952.0
1285.623381	1156.800049
1286.164848	940.0
1286.706258	756.0
1287.247612	714.0
1287.788911	694.0
1288.330153	689.2000122
1288.871339	692.5999756
1289.412469	688.4000244
1289.953543	686.7999878
1290.494561	685.2000122
1291.035523	686.2000122
1291.576428	687.7999878
1292.117278	684.4000244
1292.658072	686.2000122
1293.19881	685.7999878
1293.739492	685.0
1294.280118	686.5999756
1294.820687	685.7999878
1295.361201	688.2000122
1295.901659	686.0
1296.442061	688.4000244
1296.982406	684.0
1297.522696	684.7999878
1298.06293	685.4000244
1298.603108	684.5999756
1299.143229	682.4000244
1299.683295	686.4000244
1300.223305	684.0
1300.763259	686.2000122
1301.303157	684.5999756
1301.842999	684.5999756
1302.382785	684.5999756
1302.922515	685.2000122
1303.462189	687.0
1304.001807	685.0
1304.541369	680.4000244
1305.080875	683.5999756
1305.620326	686.0
1306.15972	686.4000244
1306.699058	682.0
1307.238341	683.5999756
1307.777567	684.4000244
1308.316738	682.5999756
1308.855853	681.5999756
1309.394912	686.2000122
1309.933915	685.2000122
1310.472862	677.7999878
1311.011753	681.5999756
1311.550588	682.4000244
1312.089367	682.0
1312.62809	682.4000244
1313.166758	683.0
1313.70537	688.0
1314.243925	684.4000244
1314.782425	683.7999878
1315.320869	684.7999878
1315.859257	684.2000122
1316.397589	683.7999878
1316.935866	685.2000122
1317.474086	684.0
1318.012251	681.0
1318.55036	683.2000122
1319.088413	683.4000244
1319.62641	679.2000122
1320.164351	680.0
1320.702236	684.5999756
1321.240066	683.5999756
1321.777839	681.4000244
1322.315557	685.5999756
1322.853219	681.2000122
1323.390826	681.7999878
1323.928376	688.2000122
1324.465871	689.7999878
1325.003309	683.5999756
1325.540692	683.0
1326.07802	684.0
1326.615291	682.4000244
1327.152506	686.0
1327.689666	686.0
1328.22677	684.7999878
1328.763818	684.0
1329.300811	684.2000122
1329.837747	682.0
1330.374628	680.7999878
1330.911453	682.4000244
1331.448222	682.7999878
1331.984936	685.4000244
1332.521594	682.5999756
1333.058196	685.2000122
1333.594742	686.4000244
1334.131232	684.4000244
1334.667667	685.0
1335.204046	682.4000244
1335.740369	682.4000244
1336.276637	681.5999756
1336.812848	684.2000122
1337.349004	683.7999878
1337.885105	684.7999878
1338.421149	685.7999878
1338.957138	682.4000244
1339.493071	679.4000244
1340.028949	682.2000122
1340.56477	687.7999878
1341.100536	677.7999878
1341.636246	685.7999878
1342.171901	683.4000244
1342.7075	682.2000122
1343.243043	685.5999756
1343.77853	683.5999756
1344.313962	683.5999756
1344.849338	683.2000122
1345.384659	683.7999878
1345.919923	682.4000244
1346.455133	681.5999756
1346.990286	684.5999756
1347.525384	682.7999878
1348.060426	685.7999878
1348.595412	686.5999756
1349.130343	681.7999878
1349.665218	681.5999756
1350.200037	681.7999878
1350.734801	683.7999878
1351.269509	684.5999756
1351.804162	684.0
1352.338758	682.4000244
1352.8733	682.2000122
1353.407785	680.5999756
1353.942215	681.0
1354.476589	682.0
1355.010908	681.5999756
1355.545171	683.4000244
1356.079379	683.0
1356.61353	681.0
1357.147627	682.0
1357.681667	680.5999756
1358.215652	685.2000122
1358.749582	682.2000122
1359.283456	681.4000244
1359.817274	682.0
1360.351037	683.7999878
1360.884744	684.5999756
1361.418395	681.0
1361.951991	682.4000244
1362.485531	681.5999756
1363.019016	682.7999878
1363.552445	681.5999756
1364.085819	681.5999756
1364.619137	684.0
1365.1524	679.5999756
1365.685607	685.4000244
1366.218758	690.5999756
1366.751854	684.0
1367.284894	684.4000244
1367.817879	684.7999878
1368.350808	681.2000122
1368.883682	684.4000244
1369.4165	681.5999756
1369.949263	683.4000244
1370.48197	695.7999878
1371.014622	692.5999756
1371.547218	684.0
1372.079758	681.5999756
1372.612244	685.5999756
1373.144673	681.2000122
1373.677047	681.0
1374.209366	682.7999878
1374.741629	683.7999878
1375.273836	684.2000122
1375.805989	682.7999878
1376.338085	682.2000122
1376.870126	683.0
1377.402112	683.4000244
1377.934042	684.5999756
1378.465917	685.2000122
1378.997736	683.5999756
1379.5295	682.4000244
1380.061208	682.4000244
1380.592861	685.0
1381.124459	686.7999878
1381.656	681.2000122
1382.187487	684.4000244
1382.718918	682.7999878
1383.250294	688.7999878
1383.781614	685.4000244
1384.312879	685.7999878
1384.844088	690.0
1385.375242	687.2000122
1385.90634	693.0
1386.437383	701.4000244
1386.968371	704.4000244
1387.499303	735.0
1388.03018	828.7999878
1388.561001	1277.0
1389.091767	1488.199951
1389.622478	922.0
1390.153133	734.5999756
1390.683733	704.2000122
1391.214277	698.7999878
1391.744766	690.5999756
1392.2752	689.0
1392.805578	685.5999756
1393.335901	687.5999756
1393.866168	688.4000244
1394.396381	683.0
1394.926537	682.0
1395.456639	683.4000244
1395.986685	684.2000122
1396.516675	685.2000122
1397.046611	683.0
1397.576491	683.5999756
1398.106315	686.7999878
1398.636084	681.5999756
1399.165798	682.2000122
1399.695457	687.7999878
1400.22506	681.7999878
1400.754608	683.5999756
1401.284101	683.2000122
1401.813538	681.7999878
1402.34292	682.0
1402.872247	681.4000244
1403.401518	685.0
1403.930734	681.0
1404.459895	683.7999878
1404.989	684.2000122
1405.51805	682.4000244
1406.047045	684.4000244
1406.575984	680.4000244
1407.104869	687.2000122
1407.633697	685.7999878
1408.162471	686.5999756
1408.691189	686.4000244
1409.219852	698.0
1409.74846	721.0
1410.277013	743.4000244
1410.80551	723.4000244
1411.333952	698.7999878
1411.862339	688.0
1412.39067	686.7999878
1412.918946	685.4000244
1413.447167	681.7999878
1413.975333	681.4000244
1414.503444	684.2000122
1415.031499	682.0
1415.559499	690.4000244
1416.087444	681.5999756
1416.615333	679.0
1417.143167	679.7999878
1417.670947	681.4000244
1418.19867	683.5999756
1418.726339	683.0
1419.253952	683.2000122
1419.781511	682.4000244
1420.309014	678.7999878
1420.836461	679.0
1421.363854	680.2000122
1421.891191	681.7999878
1422.418474	678.4000244
1422.945701	681.0
1423.472872	683.5999756
1423.999989	680.2000122
1424.52705	680.5999756
1425.054057	680.5999756
1425.581008	682.2000122
1426.107904	683.2000122
1426.634745	680.4000244
1427.16153	684.0
1427.688261	682.4000244
1428.214936	682.2000122
1428.741556	682.7999878
1429.268121	679.0
1429.794631	679.0
1430.321085	680.4000244
1430.847485	682.0
1431.373829	678.2000122
1431.900118	682.0
1432.426353	679.2000122
1432.952532	679.5999756
1433.478655	676.7999878
1434.004724	681.0
1434.530738	682.5999756
1435.056696	680.0
1435.5826	679.0
1436.108448	678.5999756
1436.634241	682.2000122
1437.159979	681.4000244
1437.685662	679.5999756
1438.21129	680.5999756
1438.736863	681.4000244
1439.262381	681.7999878
1439.787843	680.4000244
1440.313251	679.4000244
1440.838603	680.5999756
1441.3639	679.2000122
1441.889143	683.0
1442.41433	680.0
1442.939462	680.7999878
1443.464539	679.2000122
1443.989561	680.5999756
1444.514528	677.4000244
1445.03944	680.0
1445.564297	677.0
1446.089099	677.7999878
1446.613846	680.4000244
1447.138537	679.7999878
1447.663174	680.0
1448.187756	680.2000122
1448.712282	677.7999878
1449.236754	678.2000122
1449.761171	680.5999756
1450.285532	683.0
1450.809839	680.5999756
1451.33409	679.5999756
1451.858287	681.7999878
1452.382428	677.0
1452.906515	682.5999756
1453.430546	678.5999756
1453.954523	680.2000122
1454.478444	681.5999756
1455.002311	680.2000122
1455.526123	680.2000122
1456.049879	682.2000122
1456.573581	679.2000122
1457.097227	680.2000122
1457.620819	680.2000122
1458.144356	676.5999756
1458.667837	682.0
1459.191264	675.5999756
1459.714636	677.4000244
1460.237952	675.2000122
1460.761214	677.0
1461.284421	678.4000244
1461.807573	676.5999756
1462.33067	676.5999756
1462.853712	678.2000122
1463.376699	684.4000244
1464.945331	719.5999756
1465.468099	677.2000122
1465.990811	677.5999756
1466.513469	675.5999756
1467.036071	680.2000122
1467.558619	679.2000122
1468.081112	678.7999878
1468.60355	679.5999756
1469.125933	678.7999878
1469.648261	679.0
1470.170534	678.0
1470.692752	678.2000122
1471.214916	675.0
1471.737024	679.4000244
1472.259078	680.0
1472.781077	679.2000122
1473.303021	678.7999878
1473.82491	679.7999878
1474.346744	678.4000244
1474.868523	678.7999878
1475.390248	678.2000122
1475.911917	676.5999756
1476.433532	677.5999756
1476.955092	678.4000244
1477.476597	679.2000122
1477.998047	678.2000122
1478.519442	678.7999878
1479.040783	678.4000244
1479.562068	678.7999878
1480.083299	677.2000122
1480.604475	679.4000244
1481.125596	678.2000122
1481.646663	679.0
1482.167674	678.5999756
1482.688631	677.7999878
1483.209533	675.7999878
1483.73038	676.4000244
1484.251172	677.0
1484.771909	677.7999878
1485.292592	680.0
1485.81322	676.4000244
1486.333793	678.4000244
1486.854311	678.0
1488.415537	680.0
1488.935836	680.7999878
1489.456081	676.7999878
1489.97627	674.5999756
1490.496405	675.4000244
1491.016485	679.2000122
1491.536511	678.2000122
1492.056481	679.5999756
1492.576397	676.5999756
1493.096258	680.0
1493.616064	679.5999756
1494.135816	677.5999756
1494.655513	676.4000244
1495.175155	680.0
1495.694742	676.4000244
1496.214274	680.2000122
1496.733752	679.2000122
1497.253175	678.0
1497.772544	681.2000122
1498.291858	677.7999878
1498.811116	679.4000244
1499.330321	676.0
1499.84947	681.7999878
1500.368565	677.5999756
1500.887605	680.2000122
1501.406591	682.5999756
1501.925521	677.0
1502.444397	677.2000122
1502.963219	676.7999878
1503.481985	676.0
1504.000697	677.4000244
1504.519355	678.4000244
1505.037957	679.0
1505.556505	677.7999878
1506.074999	674.4000244
1506.593437	677.7999878
1507.111821	678.5999756
1507.63015	678.4000244
1508.148425	675.7999878
1508.666645	676.7999878
1509.18481	677.2000122
1509.702921	678.0
1510.220977	680.5999756
1510.738979	683.2000122
1511.256925	676.4000244
1511.774817	675.4000244
1512.292655	674.2000122
1512.810438	676.2000122
1513.328166	676.0
1513.84584	674.4000244
1514.363459	679.5999756
1514.881023	677.2000122
1515.398533	678.4000244
1515.915988	676.0
1516.433389	677.0
1516.950734	675.4000244
1517.468026	676.5999756
1517.985263	676.5999756
1518.502445	679.5999756
1519.019572	677.2000122
1519.536645	676.5999756
1520.053664	677.7999878
1520.570628	677.5999756
1521.087537	680.4000244
1521.604392	677.5999756
1522.121192	676.7999878
1522.637937	679.4000244
1523.154628	683.7999878
1523.671265	680.2000122
1524.187847	681.0
1524.704374	678.7999878
1525.220847	678.7999878
1525.737265	676.4000244
1526.253629	675.7999878
1526.769938	678.7999878
1527.286192	676.0
1527.802392	675.5999756
1528.318538	675.0
1528.834629	676.2000122
1529.350666	675.2000122
1529.866648	679.5999756
1530.382575	676.5999756
1530.898448	676.7999878
1531.414266	677.7999878
1531.93003	680.4000244
1532.44574	678.7999878
1532.961395	678.0
1533.476995	677.2000122
1533.992541	679.7999878
1534.508033	675.2000122
1535.02347	675.5999756
1535.538852	677.4000244
1536.05418	677.4000244
1536.569454	675.4000244
1537.084673	676.4000244
1537.599837	678.5999756
1538.114947	675.4000244
1538.630003	678.4000244
1539.145004	677.0
1539.659951	677.5999756
1540.174843	678.0
1540.689681	677.2000122
1541.204465	675.2000122
1541.719194	677.4000244
1542.233868	676.2000122
1542.748488	674.2000122
1543.263054	679.5999756
1543.777565	677.4000244
1544.292022	679.0
1544.806424	677.5999756
1545.320772	675.4000244
1545.835066	680.4000244
1546.349305	674.2000122
1546.863489	677.0
1547.37762	675.7999878
1547.891696	676.2000122
1548.405717	677.2000122
1548.919684	678.0
1549.433597	680.7999878
1549.947455	678.0
1550.461259	678.4000244
1550.975009	676.0
1551.488704	675.7999878
1552.002345	675.7999878
1552.515931	679.5999756
1553.029463	676.4000244
1553.542941	674.5999756
1554.056364	677.5999756
1554.569733	675.4000244
1555.083048	680.0
1555.596308	677.0
1556.109514	678.0
1556.622665	676.0
1557.135762	675.7999878
1557.648805	674.2000122
1558.161794	674.4000244
1558.674728	676.7999878
1559.187608	676.2000122
1559.700433	679.7999878
1560.213205	677.2000122
1560.725921	675.2000122
1561.238584	677.7999878
1561.751192	678.2000122
1562.263746	679.0
1562.776246	677.2000122
1563.288691	678.5999756
1563.801082	676.4000244
1564.313419	676.2000122
1564.825701	679.4000244
1565.337929	674.4000244
1565.850103	676.5999756
1566.362223	675.2000122
1566.874288	674.2000122
1567.386299	676.0
1567.898256	676.7999878
1568.410158	679.0
1568.922007	676.7999878
1569.4338	675.0
1569.94554	676.2000122
1570.457226	678.0
1570.968857	676.5999756
1571.480434	675.0
1571.991956	676.2000122
1572.503425	676.5999756
1573.014839	677.0
1573.526199	679.7999878
1574.037505	676.5999756
1574.548756	676.7999878
1575.059953	677.7999878
1575.571096	677.0
1576.082185	677.7999878
1576.59322	675.4000244
1577.1042	676.0
1577.615126	673.7999878
1578.125998	674.5999756
1578.636816	677.2000122
1579.14758	673.5999756
1579.658289	675.4000244
1580.168944	675.2000122
1580.679545	677.7999878
1581.190092	677.2000122
1581.700585	676.4000244
1582.211023	677.4000244
1582.721407	675.7999878
1583.231737	676.5999756
1583.742013	677.5999756
1584.252235	677.5999756
1584.762403	679.0
1585.272516	676.7999878
1585.782575	675.2000122
1586.292581	675.7999878
1586.802532	676.0
1587.312428	678.5999756
1587.822271	675.4000244
1588.33206	678.0
1588.841794	677.7999878
1589.351474	673.2000122
1589.8611	675.0
1590.370672	677.7999878
1590.88019	675.5999756
1591.389654	676.5999756
1591.899064	677.2000122
1592.408419	672.7999878
