1043.018714	1231.599976
1043.585098	1254.400024
1044.151424	1252.400024
1044.717692	1225.199951
1045.283903	1238.199951
1045.850056	1244.0
1046.416151	1229.199951
1046.982188	1241.400024
1047.548167	1233.800049
1048.114089	1232.400024
1048.679953	1241.199951
1049.24576	1249.800049
1049.811509	1236.800049
1050.3772	1224.800049
1050.942833	1236.400024
1051.508408	1230.400024
1052.073926	1235.199951
1052.639387	1230.599976
1053.204789	1236.199951
1053.770134	1226.800049
1054.335421	1230.199951
1054.900651	1231.199951
1055.465823	1214.800049
1056.030937	1220.0
1056.595993	1229.400024
1057.160992	1224.599976
1057.725934	1222.599976
1058.290817	1206.0
1058.855643	1217.400024
1059.420411	1220.599976
1059.985122	1213.599976
1060.549775	1215.0
1061.114371	1218.800049
1061.678908	1208.199951
1062.243389	1230.800049
1062.807811	1223.599976
1063.372176	1213.0
1063.936483	1212.800049
1064.500733	1196.599976
1065.064925	1222.400024
1065.62906	1215.199951
1066.193137	1211.199951
1066.757156	1207.800049
1067.321118	1203.400024
1067.885022	1221.0
1068.448869	1205.400024
1069.012658	1213.599976
1069.57639	1211.199951
1070.140063	1209.199951
1070.70368	1212.400024
1071.267239	1198.800049
1071.83074	1206.599976
1072.394184	1212.599976
1072.95757	1203.0
1073.520899	1205.800049
1074.08417	1213.800049
1074.647383	1199.599976
1075.21054	1212.199951
1075.773638	1202.199951
1076.336679	1199.400024
1076.899663	1196.599976
1077.462589	1220.0
1078.025457	1189.199951
1078.588268	1212.0
1079.151022	1199.0
1079.713718	1200.199951
1080.276356	1197.199951
1080.838937	1194.0
1081.401461	1200.400024
1081.963927	1206.400024
1082.526336	1189.599976
1083.088687	1190.0
1083.650981	1198.800049
1084.213217	1199.199951
1084.775396	1186.199951
1085.337517	1208.0
1085.899581	1192.400024
1086.461587	1194.400024
1087.023536	1198.0
1087.585428	1198.800049
1088.147262	1190.0
1088.709039	1209.0
1089.270758	1196.0
1089.83242	1179.400024
1090.394024	1188.599976
1090.955571	1189.400024
1091.517061	1173.199951
1092.078493	1191.0
1092.639868	1190.599976
1093.201185	1194.0
1093.762445	1181.0
1094.323648	1188.800049
1094.884793	1180.199951
1095.445881	1185.0
1096.006911	1193.199951
1096.567884	1177.0
1097.1288	1182.0
1097.689659	1194.0
1098.25046	1178.199951
1098.811203	1183.400024
1099.37189	1175.199951
1099.932518	1187.599976
1100.49309	1186.800049
1101.053604	1180.199951
1101.614061	1180.599976
1102.174461	1175.0
1102.734803	1177.599976
1103.295088	1179.599976
1103.855316	1169.599976
1104.415486	1178.800049
1104.975599	1164.0
1105.535655	1177.400024
1106.095653	1169.400024
1106.655594	1170.400024
1107.215478	1172.199951
1107.775305	1168.599976
1108.335074	1164.0
1108.894786	1185.0
1109.45444	1172.199951
1110.014038	1167.199951
1110.573578	1167.0
1111.133061	1165.599976
1111.692486	1163.800049
1112.251854	1162.400024
1112.811165	1161.199951
1113.370419	1176.199951
1113.929616	1164.0
1114.488755	1167.199951
1115.047837	1165.0
1115.606862	1166.400024
1116.16583	1158.599976
1116.72474	1172.0
1117.283593	1153.800049
1117.842389	1160.800049
1118.401128	1156.199951
1118.959809	1169.0
1119.518433	1149.400024
1120.077	1168.599976
1120.63551	1164.599976
1121.193963	1165.0
1121.752358	1153.800049
1122.310697	1167.400024
1122.868978	1156.199951
1123.427202	1170.599976
1123.985368	1154.199951
1124.543478	1156.599976
1125.10153	1160.400024
1125.659526	1158.400024
1126.217464	1157.199951
1126.775345	1159.400024
1127.333168	1160.800049
1127.890935	1156.199951
1128.448644	1153.400024
1129.006297	1172.0
1129.563892	1163.199951
1130.12143	1159.800049
1130.678911	1147.800049
1131.236335	1167.0
1131.793701	1153.599976
1132.351011	1157.199951
1132.908263	1158.0
1133.465458	1157.0
1134.022597	1166.400024
1134.579678	1164.400024
1135.136702	1148.0
1135.693669	1156.199951
1136.250578	1161.599976
1136.807431	1159.0
1137.364227	1149.0
1137.920965	1154.199951
1138.477647	1152.599976
1139.034271	1142.400024
1139.590839	1152.0
1140.147349	1153.800049
1140.703802	1151.199951
1141.260198	1141.199951
1141.816537	1157.400024
1142.37282	1156.0
1142.929045	1148.199951
1143.485213	1154.0
1144.041323	1152.400024
1144.597377	1151.400024
1145.153374	1157.400024
1145.709314	1148.800049
1146.265197	1145.599976
1146.821023	1151.599976
1147.376792	1155.599976
1147.932503	1156.0
1148.488158	1145.199951
1149.043756	1146.199951
1149.599297	1154.199951
1150.154781	1141.400024
1150.710207	1162.800049
1151.265577	1152.599976
1151.82089	1152.400024
1152.376146	1136.800049
1152.931345	1156.0
1153.486487	1140.800049
1154.041572	1160.599976
1154.5966	1151.0
1155.151571	1145.0
1155.706485	1151.800049
1156.261342	1152.400024
1156.816142	1143.0
1157.370885	1146.400024
1157.925572	1143.400024
1158.480201	1148.199951
1159.034774	1130.199951
1159.589289	1146.400024
1160.143748	1143.400024
1160.698149	1133.800049
1161.252494	1145.400024
1161.806782	1151.199951
1162.361013	1154.599976
1162.915187	1153.199951
1163.469304	1147.800049
1164.023364	1146.400024
1164.577368	1149.0
1165.131314	1143.400024
1165.685204	1145.0
1166.239036	1144.800049
1166.792812	1145.800049
1167.346531	1152.199951
1167.900193	1140.800049
1168.453798	1138.800049
1169.007347	1141.0
1169.560838	1133.599976
1170.114273	1132.800049
1170.66765	1147.0
1171.220971	1143.400024
1171.774235	1141.0
1172.327443	1154.199951
1172.880593	1143.199951
1173.433687	1140.800049
1173.986723	1131.599976
1174.539703	1137.800049
1175.092626	1132.800049
1175.645493	1135.800049
1176.198302	1146.599976
1176.751055	1129.199951
1177.303751	1134.199951
1177.85639	1138.400024
1178.408972	1145.400024
1178.961498	1144.199951
1179.513966	1151.0
1180.066378	1138.599976
1180.618733	1141.199951
1181.171032	1135.199951
1181.723273	1142.800049
1182.275458	1143.0
1182.827586	1134.400024
1183.379657	1130.0
1183.931672	1143.199951
1184.48363	1140.0
1185.035531	1144.599976
1185.587375	1138.599976
1186.139162	1136.199951
1186.690893	1141.0
1187.242567	1135.599976
1187.794184	1127.800049
1188.345745	1131.800049
1188.897249	1134.400024
1189.448696	1129.599976
1190.000086	1125.599976
1190.55142	1127.199951
1191.102697	1129.599976
1191.653918	1143.0
1192.205081	1130.199951
1192.756188	1138.400024
1193.307238	1153.800049
1193.858232	1129.800049
1194.409169	1130.199951
1194.960049	1131.199951
1195.510872	1136.400024
1196.061639	1128.199951
1196.612349	1132.400024
1197.163003	1135.199951
1197.713599	1122.199951
1198.264139	1129.800049
1198.814623	1125.400024
1199.36505	1142.0
1199.91542	1121.400024
1200.465734	1133.0
1201.01599	1124.199951
1201.566191	1120.0
1202.116334	1126.599976
1202.666421	1131.599976
1203.216452	1125.599976
1203.766425	1117.199951
1204.316343	1127.0
1204.866203	1137.400024
1205.416007	1117.400024
1205.965754	1115.199951
1206.515445	1116.400024
1207.065079	1125.400024
1207.614657	1121.400024
1208.164177	1113.0
1208.713642	1116.199951
1209.26305	1118.400024
1209.812401	1119.400024
1210.361695	1116.199951
1210.910933	1123.400024
1211.460115	1124.0
1212.00924	1106.199951
1212.558308	1119.800049
1213.10732	1124.199951
1213.656275	1121.800049
1214.205174	1116.0
1214.754016	1127.599976
1215.302801	1121.599976
1215.85153	1107.199951
1216.400203	1118.0
1216.948819	1119.400024
1217.497378	1108.199951
1218.045881	1117.0
1218.594327	1116.199951
1219.142717	1114.199951
1219.691051	1117.800049
1220.239327	1110.599976
1220.787548	1117.199951
1221.335712	1107.800049
1221.883819	1112.599976
1222.43187	1111.400024
1222.979864	1098.800049
1223.527802	1110.400024
1224.075683	1103.199951
1224.623508	1108.199951
1225.171277	1101.800049
1225.718989	1109.800049
1226.266644	1106.400024
1226.814243	1107.800049
1227.361786	1105.0
1227.909272	1109.0
1228.456702	1098.0
1229.004075	1109.400024
1229.551392	1106.199951
1230.098652	1094.800049
1230.645856	1110.199951
1231.193003	1106.0
1231.740094	1106.0
1232.287129	1103.199951
1232.834107	1099.0
1233.381029	1112.199951
1233.927894	1110.199951
1234.474703	1114.199951
1235.021455	1106.800049
1235.568151	1096.400024
1236.114791	1107.599976
1236.661374	1106.400024
1237.207901	1098.199951
1237.754372	1111.800049
1238.300786	1102.0
1238.847144	1104.0
1239.393445	1092.400024
1239.93969	1097.599976
1240.485879	1097.599976
1241.032011	1101.199951
1241.578087	1097.599976
1242.124106	1105.199951
1242.67007	1088.400024
1243.215976	1114.800049
1243.761827	1104.199951
1244.307621	1107.599976
1244.853359	1101.800049
1245.39904	1101.800049
1245.944665	1099.599976
1246.490234	1102.599976
1247.035746	1106.0
1247.581203	1103.400024
1248.126602	1106.800049
1248.671946	1094.199951
1249.217233	1091.199951
1249.762464	1088.400024
1250.307638	1104.400024
1250.852757	1093.400024
1251.397819	1099.400024
1251.942824	1088.199951
1252.487774	1093.199951
1253.032667	1096.0
1253.577503	1087.599976
1254.122284	1089.599976
1254.667008	1098.599976
1255.211676	1092.400024
1255.756288	1083.800049
1256.300843	1093.800049
1256.845342	1101.0
1257.389785	1091.400024
1257.934172	1092.199951
1258.478502	1092.0
1259.022776	1091.400024
1259.566994	1094.800049
1260.111156	1102.400024
1260.655261	1085.0
1261.199311	1088.0
1261.743304	1084.599976
1262.28724	1093.599976
1262.831121	1080.199951
1263.374945	1084.400024
1263.918713	1087.0
1264.462425	1095.599976
1265.006081	1083.800049
1265.54968	1106.199951
1266.093223	1099.400024
1266.636711	1098.0
1267.180141	1093.0
1267.723516	1087.199951
1268.266835	1084.599976
1268.810097	1086.199951
1269.353303	1088.400024
1269.896453	1084.599976
1270.439547	1086.800049
1270.982584	1092.199951
1271.525566	1081.199951
1272.068491	1087.800049
1272.61136	1086.800049
1273.154173	1079.400024
1273.69693	1086.199951
1274.239631	1089.400024
1274.782275	1079.599976
1275.324864	1091.599976
1275.867396	1076.400024
1276.409872	1080.199951
1276.952292	1079.0
1277.494656	1087.599976
1278.036964	1093.0
1278.579215	1070.0
1279.121411	1080.400024
1279.66355	1079.599976
1280.205634	1081.599976
1280.747661	1080.0
1281.289632	1075.0
1281.831547	1084.199951
1282.373406	1086.0
1282.915209	1084.800049
1283.456955	1074.800049
1283.998646	1076.0
1284.540281	1078.0
1285.081859	1093.800049
1285.623381	1146.0
1286.164848	1230.0
1286.706258	1132.400024
1287.247612	1088.199951
1287.788911	1077.400024
1288.330153	1084.400024
1288.871339	1064.400024
1289.412469	1076.0
1289.953543	1081.199951
1290.494561	1077.599976
1291.035523	1074.0
1291.576428	1080.599976
1292.117278	1087.800049
1292.658072	1075.0
1293.19881	1070.599976
1293.739492	1072.599976
1294.280118	1070.800049
1294.820687	1075.0
1295.361201	1070.599976
1295.901659	1073.400024
1296.442061	1063.400024
1296.982406	1074.599976
1297.522696	1073.800049
1298.06293	1072.599976
1298.603108	1066.400024
1299.143229	1066.599976
1299.683295	1069.599976
1300.223305	1067.599976
1300.763259	1077.599976
1301.303157	1059.599976
1301.842999	1064.800049
1302.382785	1076.199951
1302.922515	1061.0
1303.462189	1063.199951
1304.001807	1064.0
1304.541369	1070.400024
1305.080875	1071.0
1305.620326	1067.199951
1306.15972	1073.599976
1306.699058	1075.599976
1307.238341	1067.199951
1307.777567	1067.199951
1308.316738	1062.599976
1308.855853	1062.400024
1309.394912	1073.199951
1309.933915	1071.199951
1310.472862	1064.0
1311.011753	1052.400024
1311.550588	1062.199951
1312.089367	1046.199951
1312.62809	1053.800049
1313.166758	1069.199951
1313.70537	1057.400024
1314.243925	1066.800049
1314.782425	1063.599976
1315.320869	1063.400024
1315.859257	1061.800049
1316.397589	1061.599976
1316.935866	1065.0
1317.474086	1063.400024
1318.012251	1058.0
1318.55036	1059.0
1319.088413	1063.800049
1319.62641	1060.599976
1320.164351	1056.0
1320.702236	1055.400024
1321.240066	1058.800049
1321.777839	1057.199951
1322.315557	1063.199951
1322.853219	1057.400024
1323.390826	1055.599976
1323.928376	1068.199951
1324.465871	1056.400024
1325.003309	1050.800049
1325.540692	1057.800049
1326.07802	1056.599976
1326.615291	1058.800049
1327.152506	1052.400024
1327.689666	1053.800049
1328.22677	1051.800049
1328.763818	1062.199951
1329.300811	1056.400024
1329.837747	1060.800049
1330.374628	1061.800049
1330.911453	1057.199951
1331.448222	1060.199951
1331.984936	1053.400024
1332.521594	1048.199951
1333.058196	1053.400024
1333.594742	1058.400024
1334.131232	1043.199951
1334.667667	1043.199951
1335.204046	1044.199951
1335.740369	1047.199951
1336.276637	1058.599976
1336.812848	1069.800049
1337.349004	1046.599976
1337.885105	1041.599976
1338.421149	1053.199951
1338.957138	1050.400024
1339.493071	1050.800049
1340.028949	1052.599976
1340.56477	1047.599976
1341.100536	1050.800049
1341.636246	1042.400024
1342.171901	1043.0
1342.7075	1047.800049
1343.243043	1048.599976
1343.77853	1049.400024
1344.313962	1044.400024
1344.849338	1038.400024
1345.384659	1038.199951
1345.919923	1050.0
1346.455133	1051.400024
1346.990286	1053.0
1347.525384	1046.0
1348.060426	1048.599976
1348.595412	1046.800049
1349.130343	1052.599976
1349.665218	1049.800049
1350.200037	1041.599976
1350.734801	1044.0
1351.269509	1043.199951
1351.804162	1036.0
1352.338758	1043.199951
1352.8733	1039.800049
1353.407785	1033.599976
1353.942215	1052.0
1354.476589	1043.599976
1355.010908	1047.599976
1355.545171	1045.0
1356.079379	1044.800049
1356.61353	1031.400024
1357.147627	1046.599976
1357.681667	1037.599976
1358.215652	1037.400024
1358.749582	1042.199951
1359.283456	1040.599976
1359.817274	1043.400024
1360.351037	1039.199951
1360.884744	1036.199951
1361.418395	1036.0
1361.951991	1041.800049
1362.485531	1036.800049
1363.019016	1038.800049
1363.552445	1034.199951
1364.085819	1042.599976
1364.619137	1040.199951
1365.1524	1042.400024
1365.685607	1037.599976
1366.218758	1037.0
1366.751854	1023.799988
1367.284894	1042.599976
1367.817879	1041.199951
1368.350808	1045.0
1368.883682	1035.800049
1369.4165	1053.599976
1369.949263	1037.400024
1370.48197	1036.800049
1371.014622	1040.0
1371.547218	1033.400024
1372.079758	1035.0
1372.612244	1035.0
1373.144673	1038.400024
1373.677047	1034.400024
1374.209366	1040.0
1374.741629	1039.800049
1375.273836	1032.599976
1375.805989	1025.400024
1376.338085	1025.400024
1376.870126	1023.599976
1377.402112	1031.0
1377.934042	1023.799988
1378.465917	1033.0
1378.997736	1027.599976
1379.5295	1034.599976
1380.061208	1035.0
1380.592861	1036.199951
1381.124459	1029.199951
1381.656	1033.199951
1382.187487	1037.599976
1382.718918	1020.400024
1383.250294	1034.800049
1383.781614	1015.799988
1384.312879	1030.199951
1384.844088	1022.799988
1385.375242	1029.199951
1385.90634	1042.199951
1386.437383	1032.800049
1386.968371	1030.400024
1387.499303	1038.800049
1388.03018	1035.400024
1388.561001	1070.400024
1389.091767	1268.199951
1389.622478	1177.400024
1390.153133	1046.599976
1390.683733	1036.199951
1391.214277	1032.400024
1391.744766	1010.0
1392.2752	1039.199951
1392.805578	1026.400024
1393.335901	1035.400024
1393.866168	1026.0
1394.396381	1029.0
1394.926537	1031.0
1395.456639	1031.199951
1395.986685	1020.400024
1396.516675	1025.599976
1397.046611	1031.0
1397.576491	1016.799988
1398.106315	1019.200012
1398.636084	1026.0
1399.165798	1017.400024
1399.695457	1014.400024
1400.22506	1019.599976
1400.754608	1014.200012
1401.284101	1019.599976
1401.813538	1026.0
1402.34292	1026.400024
1402.872247	1014.599976
1403.401518	1020.799988
1403.930734	1023.799988
1404.459895	1022.400024
1404.989	1028.599976
1405.51805	1020.599976
1406.047045	1018.200012
1406.575984	1017.0
1407.104869	1017.0
1407.633697	1010.799988
1408.162471	1020.599976
1408.691189	1027.400024
1409.219852	1030.0
1409.74846	1027.800049
1410.277013	1038.199951
1410.80551	1043.0
1411.333952	1014.200012
1411.862339	1011.0
1412.39067	1024.400024
1412.918946	1018.400024
1413.447167	1024.400024
1413.975333	1022.200012
1414.503444	1017.0
1415.031499	1022.400024
1415.559499	1023.799988
1416.087444	1022.799988
1416.615333	1021.400024
1417.143167	1021.799988
1417.670947	1019.400024
1418.19867	1019.599976
1418.726339	1009.599976
1419.253952	1017.799988
1419.781511	1004.200012
1420.309014	1018.799988
1420.836461	1011.799988
1421.363854	1015.799988
1421.891191	1021.799988
1422.418474	1013.400024
1422.945701	1021.599976
1423.472872	1015.599976
1423.999989	1028.0
1424.52705	1016.200012
1425.054057	1032.400024
1425.581008	1014.799988
1426.107904	1014.0
1426.634745	1022.400024
1427.16153	1019.599976
1427.688261	1008.400024
1428.214936	1010.400024
1428.741556	1021.599976
1429.268121	1018.799988
1429.794631	1012.799988
1430.321085	1010.200012
1430.847485	1014.200012
1431.373829	1013.599976
1431.900118	1017.599976
1432.426353	1016.799988
1432.952532	1011.799988
1433.478655	1024.400024
1434.004724	1016.0
1434.530738	1008.400024
1435.056696	1016.599976
1435.5826	1012.0
1436.108448	1012.599976
1436.634241	1014.400024
1437.159979	1008.0
1437.685662	1023.400024
1438.21129	1018.400024
1438.736863	998.7999878
1439.262381	1002.599976
1439.787843	997.7999878
1440.313251	1004.0
1440.838603	1005.0
1441.3639	1005.200012
1441.889143	1004.599976
1442.41433	1009.799988
1442.939462	1002.799988
1443.464539	1013.400024
1443.989561	1002.0
1444.514528	999.2000122
1445.03944	1006.799988
1445.564297	1003.599976
1446.089099	1001.400024
1446.613846	1003.200012
1447.138537	1001.0
1447.663174	1004.200012
1448.187756	1000.0
1448.712282	1003.599976
1449.236754	997.7999878
1449.761171	1007.0
1450.285532	1004.0
1450.809839	1002.0
1451.33409	1002.599976
1451.858287	999.7999878
1452.382428	1016.200012
1452.906515	1000.599976
1453.430546	1008.400024
1453.954523	996.7999878
1454.478444	994.2000122
1455.002311	994.5999756
1455.526123	994.4000244
1456.049879	998.4000244
1456.573581	1000.599976
1457.097227	1005.400024
1457.620819	998.2000122
1458.144356	1003.200012
1458.667837	997.0
1459.191264	995.5999756
1459.714636	1005.599976
1460.237952	1002.0
1460.761214	1009.799988
1461.284421	1008.799988
1461.807573	1013.200012
1462.33067	989.4000244
1462.853712	1006.0
1463.376699	1011.400024
1463.899632	1004.599976
1464.422509	997.5999756
1464.945331	1004.0
1465.468099	1001.799988
1465.990811	998.7999878
1466.513469	982.7999878
1467.036071	1009.400024
1467.558619	1005.200012
1468.081112	996.0
1468.60355	997.2000122
1469.125933	996.5999756
1469.648261	1001.0
1470.170534	999.7999878
1470.692752	1000.599976
1471.214916	1000.599976
1471.737024	1003.599976
1472.259078	999.2000122
1472.781077	995.4000244
1473.303021	1007.200012
1473.82491	998.0
1474.346744	1002.799988
1474.868523	1000.400024
1475.390248	1002.0
1475.911917	988.7999878
1476.433532	993.4000244
1476.955092	996.4000244
1477.476597	991.2000122
1477.998047	1000.599976
1478.519442	992.2000122
1479.040783	985.0
1479.562068	994.5999756
1480.083299	989.0
1480.604475	997.2000122
1481.125596	990.2000122
1481.646663	997.0
1482.167674	985.2000122
1482.688631	979.2000122
1483.209533	996.2000122
1483.73038	985.7999878
1484.251172	986.7999878
1484.771909	986.5999756
1485.292592	988.4000244
1485.81322	985.4000244
1486.333793	999.4000244
1486.854311	990.7999878
1487.374775	972.7999878
1487.895183	991.5999756
1488.415537	983.2000122
1488.935836	977.2000122
1489.456081	982.4000244
1489.97627	981.2000122
1490.496405	989.4000244
1491.016485	988.5999756
1491.536511	987.0
1492.056481	989.0
1492.576397	988.4000244
1493.096258	986.0
1493.616064	987.2000122
1494.135816	989.5999756
1494.655513	981.5999756
1495.175155	981.4000244
1495.694742	985.0
1496.214274	984.5999756
1496.733752	985.4000244
1497.253175	979.2000122
1497.772544	979.0
1498.291858	990.0
1498.811116	978.7999878
1499.330321	976.7999878
1499.84947	989.7999878
1500.368565	972.4000244
1500.887605	987.4000244
1501.406591	978.5999756
1501.925521	989.2000122
1502.444397	979.7999878
1502.963219	992.4000244
1503.481985	976.2000122
1504.000697	970.0
1504.519355	976.4000244
1505.037957	980.0
1505.556505	987.4000244
1506.074999	982.7999878
1506.593437	977.2000122
1507.111821	981.2000122
1507.63015	983.7999878
1508.148425	975.4000244
1508.666645	981.5999756
1509.18481	966.2000122
1509.702921	986.5999756
1510.220977	977.2000122
1510.738979	981.4000244
1511.256925	980.2000122
1511.774817	983.2000122
1512.292655	982.2000122
1512.810438	979.7999878
1513.328166	974.2000122
1513.84584	968.7999878
1514.363459	972.2000122
1514.881023	984.2000122
1515.398533	980.5999756
1515.915988	979.4000244
1516.433389	976.2000122
1516.950734	983.4000244
1517.468026	980.5999756
1517.985263	976.7999878
1518.502445	978.5999756
1519.019572	968.0
1519.536645	981.5999756
1520.053664	976.7999878
1520.570628	972.4000244
1521.087537	977.0
1521.604392	967.5999756
1522.121192	982.2000122
1522.637937	981.0
1523.154628	972.7999878
1523.671265	975.4000244
1524.187847	973.4000244
1524.704374	966.5999756
1525.220847	974.7999878
1525.737265	973.2000122
1526.253629	971.4000244
1526.769938	976.4000244
1527.286192	980.5999756
1527.802392	983.7999878
1528.318538	976.2000122
1528.834629	982.5999756
1529.350666	971.0
1529.866648	973.0
1530.382575	983.2000122
1530.898448	977.7999878
1531.414266	972.4000244
1531.93003	970.5999756
1532.44574	976.7999878
1532.961395	967.0
1533.476995	976.4000244
1533.992541	967.4000244
1534.508033	978.7999878
1535.02347	971.4000244
1535.538852	969.7999878
1536.05418	972.4000244
1536.569454	965.5999756
1537.084673	972.4000244
1537.599837	967.7999878
1538.114947	978.7999878
1538.630003	970.0
1539.145004	970.0
1539.659951	965.4000244
1540.174843	976.0
1540.689681	968.7999878
1541.204465	971.0
1541.719194	969.5999756
1542.233868	961.2000122
1542.748488	977.2000122
1543.263054	973.2000122
1543.777565	977.2000122
1544.292022	969.4000244
1544.806424	966.2000122
1545.320772	959.7999878
1545.835066	975.2000122
1546.349305	963.7999878
1546.863489	968.2000122
1547.37762	963.7999878
1547.891696	969.2000122
1548.405717	969.0
1548.919684	967.5999756
1549.433597	964.7999878
1549.947455	960.2000122
1550.461259	971.7999878
1550.975009	974.2000122
1551.488704	965.4000244
1552.002345	965.5999756
1552.515931	974.4000244
1553.029463	972.4000244
1553.542941	966.0
1554.056364	973.7999878
1554.569733	971.0
1555.083048	967.2000122
1555.596308	959.7999878
1556.109514	966.4000244
1556.622665	969.0
1557.135762	965.0
1557.648805	965.0
1558.161794	970.2000122
1558.674728	968.2000122
1559.187608	970.7999878
1559.700433	969.2000122
1560.213205	967.5999756
1560.725921	969.7999878
1561.238584	971.0
1561.751192	969.4000244
1562.263746	967.5999756
1562.776246	973.2000122
1563.288691	979.4000244
1563.801082	963.0
1564.313419	962.7999878
1564.825701	963.5999756
1565.337929	966.5999756
1565.850103	969.0
1566.362223	957.7999878
1566.874288	967.2000122
1567.386299	974.7999878
1567.898256	969.0
1568.410158	964.2000122
1568.922007	969.2000122
1569.4338	971.7999878
1569.94554	965.7999878
1570.457226	963.0
1570.968857	965.7999878
1571.480434	966.7999878
1571.991956	963.4000244
1572.503425	961.0
1573.014839	966.2000122
1573.526199	960.2000122
1574.037505	962.7999878
1574.548756	964.4000244
1575.059953	965.5999756
1575.571096	959.5999756
1576.082185	972.7999878
1576.59322	961.2000122
1577.1042	965.2000122
1577.615126	957.5999756
1578.125998	963.5999756
1578.636816	954.7999878
1579.14758	955.4000244
1579.658289	971.7999878
1580.168944	956.0
1580.679545	947.2000122
1581.190092	968.7999878
1581.700585	960.7999878
1582.211023	955.7999878
1582.721407	961.4000244
1583.231737	963.4000244
1583.742013	965.4000244
1584.252235	962.4000244
1584.762403	954.7999878
1585.272516	948.2000122
1585.782575	962.4000244
1586.292581	953.0
1586.802532	958.2000122
1587.312428	968.7999878
1587.822271	956.4000244
1588.33206	963.2000122
1588.841794	948.2000122
1589.351474	961.4000244
1589.8611	953.2000122
1590.370672	951.7999878
1590.88019	962.5999756
1591.389654	961.5999756
1591.899064	959.0
1592.408419	962.4000244
