 1.042452273E+03	 1.456400024E+03
 1.043018714E+03	 1.468599976E+03
 1.043585098E+03	 1.472400024E+03
 1.044151424E+03	 1.479000000E+03
 1.044717692E+03	 1.457599976E+03
 1.045283903E+03	 1.470199951E+03
 1.045850056E+03	 1.473000000E+03
 1.046416151E+03	 1.471400024E+03
 1.046982188E+03	 1.452400024E+03
 1.047548167E+03	 1.484400024E+03
 1.048114089E+03	 1.481800049E+03
 1.048679953E+03	 1.473199951E+03
 1.049245760E+03	 1.471400024E+03
 1.049811509E+03	 1.482199951E+03
 1.050377200E+03	 1.476599976E+03
 1.050942833E+03	 1.496800049E+03
 1.051508408E+03	 1.472400024E+03
 1.052073926E+03	 1.467599976E+03
 1.052639387E+03	 1.480199951E+03
 1.053204789E+03	 1.480599976E+03
 1.053770134E+03	 1.474000000E+03
 1.054335421E+03	 1.494599976E+03
 1.054900651E+03	 1.485000000E+03
 1.055465823E+03	 1.484000000E+03
 1.056030937E+03	 1.487000000E+03
 1.056595993E+03	 1.487199951E+03
 1.057160992E+03	 1.495000000E+03
 1.057725934E+03	 1.481800049E+03
 1.058290817E+03	 1.486000000E+03
 1.058855643E+03	 1.482800049E+03
 1.059420411E+03	 1.491199951E+03
 1.059985122E+03	 1.483400024E+03
 1.060549775E+03	 1.506199951E+03
 1.061114371E+03	 1.483199951E+03
 1.061678908E+03	 1.495199951E+03
 1.062243389E+03	 1.495599976E+03
 1.062807811E+03	 1.507599976E+03
 1.063372176E+03	 1.492000000E+03
 1.063936483E+03	 1.500599976E+03
 1.064500733E+03	 1.485000000E+03
 1.065064925E+03	 1.494000000E+03
 1.065629060E+03	 1.498400024E+03
 1.066193137E+03	 1.503599976E+03
 1.066757156E+03	 1.503599976E+03
 1.067321118E+03	 1.519800049E+03
 1.067885022E+03	 1.505400024E+03
 1.068448869E+03	 1.510199951E+03
 1.069012658E+03	 1.497599976E+03
 1.069576390E+03	 1.510400024E+03
 1.070140063E+03	 1.505400024E+03
 1.070703680E+03	 1.518599976E+03
 1.071267239E+03	 1.514800049E+03
 1.071830740E+03	 1.524400024E+03
 1.072394184E+03	 1.508000000E+03
 1.072957570E+03	 1.523800049E+03
 1.073520899E+03	 1.511800049E+03
 1.074084170E+03	 1.524800049E+03
 1.074647383E+03	 1.513599976E+03
 1.075210540E+03	 1.526800049E+03
 1.075773638E+03	 1.517599976E+03
 1.076336679E+03	 1.528000000E+03
 1.076899663E+03	 1.519000000E+03
 1.077462589E+03	 1.533599976E+03
 1.078025457E+03	 1.537400024E+03
 1.078588268E+03	 1.518599976E+03
 1.079151022E+03	 1.521400024E+03
 1.079713718E+03	 1.524000000E+03
 1.080276356E+03	 1.530400024E+03
 1.080838937E+03	 1.537599976E+03
 1.081401461E+03	 1.527400024E+03
 1.081963927E+03	 1.539599976E+03
 1.082526336E+03	 1.536400024E+03
 1.083088687E+03	 1.540199951E+03
 1.083650981E+03	 1.542599976E+03
 1.084213217E+03	 1.519000000E+03
 1.084775396E+03	 1.542400024E+03
 1.085337517E+03	 1.542800049E+03
 1.085899581E+03	 1.544800049E+03
 1.086461587E+03	 1.543599976E+03
 1.087023536E+03	 1.544199951E+03
 1.087585428E+03	 1.548599976E+03
 1.088147262E+03	 1.553000000E+03
 1.088709039E+03	 1.571400024E+03
 1.089270758E+03	 1.564000000E+03
 1.089832420E+03	 1.565400024E+03
 1.090394024E+03	 1.568800049E+03
 1.090955571E+03	 1.604400024E+03
 1.091517061E+03	 1.563000000E+03
 1.092078493E+03	 1.600800049E+03
 1.092639868E+03	 1.582800049E+03
 1.093201185E+03	 1.592400024E+03
 1.093762445E+03	 1.563800049E+03
 1.094323648E+03	 1.592800049E+03
 1.094884793E+03	 1.599199951E+03
 1.095445881E+03	 1.596000000E+03
 1.096006911E+03	 1.600599976E+03
 1.096567884E+03	 1.588599976E+03
 1.097128800E+03	 1.586199951E+03
 1.097689659E+03	 1.606199951E+03
 1.098250460E+03	 1.569000000E+03
 1.098811203E+03	 1.588000000E+03
 1.099371890E+03	 1.583400024E+03
 1.099932518E+03	 1.569199951E+03
 1.100493090E+03	 1.559800049E+03
 1.101053604E+03	 1.577199951E+03
 1.101614061E+03	 1.553599976E+03
 1.102174461E+03	 1.571400024E+03
 1.102734803E+03	 1.547800049E+03
 1.103295088E+03	 1.555599976E+03
 1.103855316E+03	 1.548000000E+03
 1.104415486E+03	 1.555800049E+03
 1.104975599E+03	 1.552199951E+03
 1.105535655E+03	 1.547400024E+03
 1.106095653E+03	 1.541400024E+03
 1.106655594E+03	 1.574000000E+03
 1.107215478E+03	 1.543199951E+03
 1.107775305E+03	 1.558800049E+03
 1.108335074E+03	 1.551000000E+03
 1.108894786E+03	 1.540199951E+03
 1.109454440E+03	 1.552599976E+03
 1.110014038E+03	 1.557400024E+03
 1.110573578E+03	 1.557800049E+03
 1.111133061E+03	 1.564400024E+03
 1.111692486E+03	 1.526400024E+03
 1.112251854E+03	 1.557800049E+03
 1.112811165E+03	 1.548199951E+03
 1.113370419E+03	 1.561800049E+03
 1.113929616E+03	 1.556199951E+03
 1.114488755E+03	 1.547199951E+03
 1.115047837E+03	 1.546400024E+03
 1.115606862E+03	 1.547199951E+03
 1.116165830E+03	 1.542800049E+03
 1.116724740E+03	 1.544000000E+03
 1.117283593E+03	 1.563400024E+03
 1.117842389E+03	 1.564800049E+03
 1.118401128E+03	 1.560000000E+03
 1.118959809E+03	 1.571199951E+03
 1.119518433E+03	 1.559199951E+03
 1.120077000E+03	 1.562000000E+03
 1.120635510E+03	 1.560000000E+03
 1.121193963E+03	 1.560400024E+03
 1.121752358E+03	 1.559199951E+03
 1.122310697E+03	 1.576800049E+03
 1.122868978E+03	 1.557400024E+03
 1.123427202E+03	 1.558000000E+03
 1.123985368E+03	 1.563800049E+03
 1.124543478E+03	 1.572599976E+03
 1.125101530E+03	 1.557400024E+03
 1.125659526E+03	 1.563400024E+03
 1.126217464E+03	 1.569199951E+03
 1.126775345E+03	 1.574199951E+03
 1.127333168E+03	 1.584400024E+03
 1.127890935E+03	 1.584599976E+03
 1.128448644E+03	 1.588400024E+03
 1.129006297E+03	 1.565599976E+03
 1.129563892E+03	 1.579199951E+03
 1.130121430E+03	 1.589800049E+03
 1.130678911E+03	 1.587000000E+03
 1.131236335E+03	 1.588000000E+03
 1.131793701E+03	 1.582800049E+03
 1.132351011E+03	 1.599599976E+03
 1.132908263E+03	 1.592599976E+03
 1.133465458E+03	 1.592800049E+03
 1.134022597E+03	 1.582199951E+03
 1.134579678E+03	 1.595599976E+03
 1.135136702E+03	 1.598400024E+03
 1.135693669E+03	 1.591400024E+03
 1.136250578E+03	 1.605199951E+03
 1.136807431E+03	 1.594599976E+03
 1.137364227E+03	 1.605199951E+03
 1.137920965E+03	 1.605800049E+03
 1.138477647E+03	 1.593199951E+03
 1.139034271E+03	 1.588000000E+03
 1.139590839E+03	 1.601400024E+03
 1.140147349E+03	 1.584800049E+03
 1.140703802E+03	 1.595800049E+03
 1.141260198E+03	 1.605000000E+03
 1.141816537E+03	 1.604400024E+03
 1.142372820E+03	 1.625599976E+03
 1.142929045E+03	 1.612800049E+03
 1.143485213E+03	 1.613800049E+03
 1.144041323E+03	 1.614000000E+03
 1.144597377E+03	 1.620599976E+03
 1.145153374E+03	 1.602199951E+03
 1.145709314E+03	 1.621599976E+03
 1.146265197E+03	 1.626400024E+03
 1.146821023E+03	 1.607000000E+03
 1.147376792E+03	 1.603400024E+03
 1.147932503E+03	 1.603400024E+03
 1.148488158E+03	 1.636400024E+03
 1.149043756E+03	 1.629000000E+03
 1.149599297E+03	 1.618800049E+03
 1.150154781E+03	 1.629400024E+03
 1.150710207E+03	 1.624199951E+03
 1.151265577E+03	 1.633800049E+03
 1.151820890E+03	 1.634000000E+03
 1.152376146E+03	 1.640400024E+03
 1.152931345E+03	 1.652000000E+03
 1.153486487E+03	 1.631800049E+03
 1.154041572E+03	 1.644400024E+03
 1.154596600E+03	 1.636599976E+03
 1.155151571E+03	 1.658599976E+03
 1.155706485E+03	 1.643199951E+03
 1.156261342E+03	 1.636599976E+03
 1.156816142E+03	 1.625800049E+03
 1.157370885E+03	 1.653599976E+03
 1.157925572E+03	 1.643000000E+03
 1.158480201E+03	 1.652199951E+03
 1.159034774E+03	 1.651599976E+03
 1.159589289E+03	 1.641800049E+03
 1.160143748E+03	 1.650400024E+03
 1.160698149E+03	 1.648199951E+03
 1.161252494E+03	 1.644400024E+03
 1.161806782E+03	 1.668800049E+03
 1.162361013E+03	 1.653800049E+03
 1.162915187E+03	 1.643199951E+03
 1.163469304E+03	 1.642000000E+03
 1.164023364E+03	 1.659400024E+03
 1.164577368E+03	 1.658800049E+03
 1.165131314E+03	 1.676199951E+03
 1.165685204E+03	 1.653400024E+03
 1.166239036E+03	 1.658599976E+03
 1.166792812E+03	 1.655400024E+03
 1.167346531E+03	 1.656800049E+03
 1.167900193E+03	 1.670800049E+03
 1.168453798E+03	 1.676599976E+03
 1.169007347E+03	 1.677199951E+03
 1.169560838E+03	 1.666199951E+03
 1.170114273E+03	 1.662400024E+03
 1.170667650E+03	 1.668000000E+03
 1.171220971E+03	 1.656000000E+03
 1.171774235E+03	 1.688800049E+03
 1.172327443E+03	 1.676800049E+03
 1.172880593E+03	 1.680800049E+03
 1.173433687E+03	 1.674800049E+03
 1.173986723E+03	 1.677599976E+03
 1.174539703E+03	 1.684199951E+03
 1.175092626E+03	 1.678400024E+03
 1.175645493E+03	 1.682800049E+03
 1.176198302E+03	 1.673800049E+03
 1.176751055E+03	 1.678800049E+03
 1.177303751E+03	 1.700400024E+03
 1.177856390E+03	 1.685400024E+03
 1.178408972E+03	 1.675800049E+03
 1.178961498E+03	 1.691599976E+03
 1.179513966E+03	 1.672599976E+03
 1.180066378E+03	 1.684599976E+03
 1.180618733E+03	 1.681199951E+03
 1.181171032E+03	 1.697000000E+03
 1.181723273E+03	 1.700400024E+03
 1.182275458E+03	 1.680800049E+03
 1.182827586E+03	 1.678599976E+03
 1.183379657E+03	 1.684599976E+03
 1.183931672E+03	 1.691800049E+03
 1.184483630E+03	 1.695000000E+03
 1.185035531E+03	 1.688400024E+03
 1.185587375E+03	 1.712800049E+03
 1.186139162E+03	 1.710599976E+03
 1.186690893E+03	 1.686400024E+03
 1.187242567E+03	 1.711800049E+03
 1.187794184E+03	 1.694000000E+03
 1.188345745E+03	 1.708199951E+03
 1.188897249E+03	 1.710199951E+03
 1.189448696E+03	 1.678199951E+03
 1.190000086E+03	 1.699199951E+03
 1.190551420E+03	 1.676400024E+03
 1.191102697E+03	 1.726599976E+03
 1.191653918E+03	 1.720199951E+03
 1.192205081E+03	 1.701400024E+03
 1.192756188E+03	 1.717199951E+03
 1.193307238E+03	 1.718400024E+03
 1.193858232E+03	 1.705800049E+03
 1.194409169E+03	 1.718599976E+03
 1.194960049E+03	 1.715400024E+03
 1.195510872E+03	 1.729599976E+03
 1.196061639E+03	 1.712000000E+03
 1.196612349E+03	 1.703199951E+03
 1.197163003E+03	 1.716000000E+03
 1.197713599E+03	 1.712599976E+03
 1.198264139E+03	 1.712800049E+03
 1.198814623E+03	 1.703000000E+03
 1.199365050E+03	 1.707400024E+03
 1.199915420E+03	 1.733199951E+03
 1.200465734E+03	 1.717000000E+03
 1.201015990E+03	 1.726599976E+03
 1.201566191E+03	 1.730000000E+03
 1.202116334E+03	 1.723599976E+03
 1.202666421E+03	 1.732599976E+03
 1.203216452E+03	 1.710599976E+03
 1.203766425E+03	 1.725199951E+03
 1.204316343E+03	 1.728400024E+03
 1.204866203E+03	 1.739000000E+03
 1.205416007E+03	 1.742599976E+03
 1.205965754E+03	 1.724199951E+03
 1.206515445E+03	 1.745199951E+03
 1.207065079E+03	 1.721000000E+03
 1.207614657E+03	 1.745599976E+03
 1.208164177E+03	 1.738000000E+03
 1.208713642E+03	 1.717599976E+03
 1.209263050E+03	 1.736400024E+03
 1.209812401E+03	 1.724800049E+03
 1.210361695E+03	 1.743599976E+03
 1.210910933E+03	 1.739199951E+03
 1.211460115E+03	 1.733800049E+03
 1.212009240E+03	 1.712400024E+03
 1.212558308E+03	 1.744199951E+03
 1.213107320E+03	 1.768199951E+03
 1.213656275E+03	 1.736599976E+03
 1.214205174E+03	 1.730000000E+03
 1.214754016E+03	 1.763000000E+03
 1.215302801E+03	 1.744000000E+03
 1.215851530E+03	 1.748400024E+03
 1.216400203E+03	 1.753800049E+03
 1.216948819E+03	 1.751400024E+03
 1.217497378E+03	 1.746400024E+03
 1.218045881E+03	 1.763000000E+03
 1.218594327E+03	 1.735400024E+03
 1.219142717E+03	 1.752000000E+03
 1.219691051E+03	 1.752199951E+03
 1.220239327E+03	 1.765400024E+03
 1.220787548E+03	 1.760400024E+03
 1.221335712E+03	 1.763400024E+03
 1.221883819E+03	 1.746000000E+03
 1.222431870E+03	 1.762000000E+03
 1.222979864E+03	 1.762599976E+03
 1.223527802E+03	 1.753000000E+03
 1.224075683E+03	 1.768599976E+03
 1.224623508E+03	 1.761000000E+03
 1.225171277E+03	 1.754000000E+03
 1.225718989E+03	 1.764599976E+03
 1.226266644E+03	 1.780000000E+03
 1.226814243E+03	 1.756800049E+03
 1.227361786E+03	 1.769000000E+03
 1.227909272E+03	 1.770199951E+03
 1.228456702E+03	 1.753800049E+03
 1.229004075E+03	 1.773400024E+03
 1.229551392E+03	 1.782800049E+03
 1.230098652E+03	 1.784199951E+03
 1.230645856E+03	 1.770400024E+03
 1.231193003E+03	 1.791199951E+03
 1.231740094E+03	 1.757599976E+03
 1.232287129E+03	 1.762800049E+03
 1.232834107E+03	 1.787000000E+03
 1.233381029E+03	 1.782199951E+03
 1.233927894E+03	 1.786599976E+03
 1.234474703E+03	 1.778000000E+03
 1.235021455E+03	 1.767000000E+03
 1.235568151E+03	 1.774400024E+03
 1.236114791E+03	 1.767599976E+03
 1.236661374E+03	 1.785599976E+03
 1.237207901E+03	 1.779400024E+03
 1.237754372E+03	 1.802199951E+03
 1.238300786E+03	 1.767199951E+03
 1.238847144E+03	 1.788400024E+03
 1.239393445E+03	 1.792400024E+03
 1.239939690E+03	 1.775400024E+03
 1.240485879E+03	 1.790599976E+03
 1.241032011E+03	 1.771599976E+03
 1.241578087E+03	 1.786199951E+03
 1.242124106E+03	 1.788599976E+03
 1.242670070E+03	 1.804599976E+03
 1.243215976E+03	 1.795800049E+03
 1.243761827E+03	 1.789599976E+03
 1.244307621E+03	 1.774599976E+03
 1.244853359E+03	 1.795400024E+03
 1.245399040E+03	 1.790000000E+03
 1.245944665E+03	 1.796800049E+03
 1.246490234E+03	 1.781000000E+03
 1.247035746E+03	 1.800199951E+03
 1.247581203E+03	 1.790400024E+03
 1.248126602E+03	 1.793199951E+03
 1.248671946E+03	 1.804000000E+03
 1.249217233E+03	 1.800800049E+03
 1.249762464E+03	 1.806599976E+03
 1.250307638E+03	 1.802000000E+03
 1.250852757E+03	 1.824800049E+03
 1.251397819E+03	 1.823800049E+03
 1.251942824E+03	 1.807599976E+03
 1.252487774E+03	 1.814800049E+03
 1.253032667E+03	 1.796800049E+03
 1.253577503E+03	 1.818400024E+03
 1.254122284E+03	 1.816000000E+03
 1.254667008E+03	 1.804199951E+03
 1.255211676E+03	 1.841800049E+03
 1.255756288E+03	 1.810599976E+03
 1.256300843E+03	 1.803000000E+03
 1.256845342E+03	 1.819000000E+03
 1.257389785E+03	 1.795800049E+03
 1.257934172E+03	 1.812000000E+03
 1.258478502E+03	 1.827400024E+03
 1.259022776E+03	 1.820000000E+03
 1.259566994E+03	 1.833599976E+03
 1.260111156E+03	 1.833000000E+03
 1.260655261E+03	 1.822400024E+03
 1.261199311E+03	 1.834000000E+03
 1.261743304E+03	 1.816199951E+03
 1.262287240E+03	 1.824800049E+03
 1.262831121E+03	 1.837800049E+03
 1.263374945E+03	 1.837400024E+03
 1.263918713E+03	 1.835800049E+03
 1.264462425E+03	 1.829199951E+03
 1.265006081E+03	 1.828800049E+03
 1.265549680E+03	 1.878400024E+03
 1.266093223E+03	 1.858599976E+03
 1.266636711E+03	 1.843599976E+03
 1.267180141E+03	 1.846000000E+03
 1.267723516E+03	 1.834599976E+03
 1.268266835E+03	 1.842000000E+03
 1.268810097E+03	 1.818800049E+03
 1.269353303E+03	 1.833199951E+03
 1.269896453E+03	 1.825000000E+03
 1.270439547E+03	 1.849400024E+03
 1.270982584E+03	 1.824599976E+03
 1.271525566E+03	 1.836199951E+03
 1.272068491E+03	 1.822199951E+03
 1.272611360E+03	 1.846199951E+03
 1.273154173E+03	 1.846599976E+03
 1.273696930E+03	 1.846400024E+03
 1.274239631E+03	 1.848599976E+03
 1.274782275E+03	 1.846400024E+03
 1.275324864E+03	 1.859599976E+03
 1.275867396E+03	 1.834400024E+03
 1.276409872E+03	 1.869800049E+03
 1.276952292E+03	 1.860599976E+03
 1.277494656E+03	 1.847800049E+03
 1.278036964E+03	 1.853400024E+03
 1.278579215E+03	 1.852400024E+03
 1.279121411E+03	 1.869599976E+03
 1.279663550E+03	 1.850199951E+03
 1.280205634E+03	 1.842000000E+03
 1.280747661E+03	 1.873599976E+03
 1.281289632E+03	 1.846199951E+03
 1.281831547E+03	 1.856599976E+03
 1.282373406E+03	 1.857000000E+03
 1.282915209E+03	 1.874400024E+03
 1.283456955E+03	 1.881000000E+03
 1.283998646E+03	 1.881800049E+03
 1.284540281E+03	 1.924000000E+03
 1.285081859E+03	 2.072000000E+03
 1.285623381E+03	 2.539600098E+03
 1.286164848E+03	 2.559000000E+03
 1.286706258E+03	 2.029599976E+03
 1.287247612E+03	 1.927599976E+03
 1.287788911E+03	 1.883800049E+03
 1.288330153E+03	 1.876599976E+03
 1.288871339E+03	 1.870800049E+03
 1.289412469E+03	 1.873400024E+03
 1.289953543E+03	 1.862800049E+03
 1.290494561E+03	 1.870599976E+03
 1.291035523E+03	 1.872199951E+03
 1.291576428E+03	 1.861000000E+03
 1.292117278E+03	 1.879599976E+03
 1.292658072E+03	 1.852800049E+03
 1.293198810E+03	 1.875599976E+03
 1.293739492E+03	 1.865000000E+03
 1.294280118E+03	 1.866599976E+03
 1.294820687E+03	 1.866199951E+03
 1.295361201E+03	 1.862800049E+03
 1.295901659E+03	 1.859199951E+03
 1.296442061E+03	 1.875800049E+03
 1.296982406E+03	 1.872199951E+03
 1.297522696E+03	 1.878000000E+03
 1.298062930E+03	 1.875400024E+03
 1.298603108E+03	 1.883199951E+03
 1.299143229E+03	 1.885400024E+03
 1.299683295E+03	 1.883400024E+03
 1.300223305E+03	 1.878199951E+03
 1.300763259E+03	 1.879599976E+03
 1.301303157E+03	 1.873000000E+03
 1.301842999E+03	 1.892800049E+03
 1.302382785E+03	 1.873199951E+03
 1.302922515E+03	 1.896400024E+03
 1.303462189E+03	 1.875199951E+03
 1.304001807E+03	 1.885000000E+03
 1.304541369E+03	 1.878199951E+03
 1.305080875E+03	 1.877199951E+03
 1.305620326E+03	 1.897199951E+03
 1.306159720E+03	 1.886800049E+03
 1.306699058E+03	 1.910599976E+03
 1.307238341E+03	 1.892400024E+03
 1.307777567E+03	 1.904800049E+03
 1.308316738E+03	 1.884400024E+03
 1.308855853E+03	 1.891599976E+03
 1.309394912E+03	 1.879000000E+03
 1.309933915E+03	 1.897199951E+03
 1.310472862E+03	 1.887000000E+03
 1.311011753E+03	 1.891400024E+03
 1.311550588E+03	 1.882800049E+03
 1.312089367E+03	 1.879599976E+03
 1.312628090E+03	 1.901599976E+03
 1.313166758E+03	 1.879000000E+03
 1.313705370E+03	 1.886000000E+03
 1.314243925E+03	 1.918599976E+03
 1.314782425E+03	 1.904800049E+03
 1.315320869E+03	 1.900599976E+03
 1.315859257E+03	 1.911400024E+03
 1.316397589E+03	 1.892199951E+03
 1.316935866E+03	 1.891800049E+03
 1.317474086E+03	 1.893400024E+03
 1.318012251E+03	 1.906199951E+03
 1.318550360E+03	 1.890000000E+03
 1.319088413E+03	 1.881199951E+03
 1.319626410E+03	 1.906199951E+03
 1.320164351E+03	 1.906599976E+03
 1.320702236E+03	 1.896400024E+03
 1.321240066E+03	 1.908599976E+03
 1.321777839E+03	 1.902800049E+03
 1.322315557E+03	 1.901199951E+03
 1.322853219E+03	 1.922800049E+03
 1.323390826E+03	 1.901199951E+03
 1.323928376E+03	 1.919400024E+03
 1.324465871E+03	 1.922800049E+03
 1.325003309E+03	 1.902599976E+03
 1.325540692E+03	 1.906800049E+03
 1.326078020E+03	 1.917599976E+03
 1.326615291E+03	 1.920000000E+03
 1.327152506E+03	 1.895400024E+03
 1.327689666E+03	 1.924400024E+03
 1.328226770E+03	 1.905800049E+03
 1.328763818E+03	 1.921400024E+03
 1.329300811E+03	 1.915599976E+03
 1.329837747E+03	 1.905599976E+03
 1.330374628E+03	 1.913000000E+03
 1.330911453E+03	 1.904800049E+03
 1.331448222E+03	 1.924800049E+03
 1.331984936E+03	 1.897599976E+03
 1.332521594E+03	 1.936199951E+03
 1.333058196E+03	 1.916199951E+03
 1.333594742E+03	 1.909199951E+03
 1.334131232E+03	 1.935400024E+03
 1.334667667E+03	 1.939800049E+03
 1.335204046E+03	 1.915800049E+03
 1.335740369E+03	 1.908400024E+03
 1.336276637E+03	 1.916400024E+03
 1.336812848E+03	 1.927400024E+03
 1.337349004E+03	 1.919000000E+03
 1.337885105E+03	 1.939800049E+03
 1.338421149E+03	 1.914800049E+03
 1.338957138E+03	 1.915400024E+03
 1.339493071E+03	 1.930599976E+03
 1.340028949E+03	 1.917800049E+03
 1.340564770E+03	 1.921400024E+03
 1.341100536E+03	 1.929599976E+03
 1.341636246E+03	 1.931199951E+03
 1.342171901E+03	 1.944800049E+03
 1.342707500E+03	 1.926599976E+03
 1.343243043E+03	 1.917199951E+03
 1.343778530E+03	 1.927800049E+03
 1.344313962E+03	 1.934199951E+03
 1.344849338E+03	 1.940599976E+03
 1.345384659E+03	 1.917199951E+03
 1.345919923E+03	 1.928000000E+03
 1.346455133E+03	 1.942800049E+03
 1.346990286E+03	 1.950000000E+03
 1.347525384E+03	 1.933199951E+03
 1.348060426E+03	 1.922199951E+03
 1.348595412E+03	 1.929400024E+03
 1.349130343E+03	 1.929599976E+03
 1.349665218E+03	 1.956000000E+03
 1.350200037E+03	 1.929000000E+03
 1.350734801E+03	 1.933000000E+03
 1.351269509E+03	 1.919599976E+03
 1.351804162E+03	 1.936400024E+03
 1.352338758E+03	 1.933000000E+03
 1.352873300E+03	 1.953000000E+03
 1.353407785E+03	 1.936199951E+03
 1.353942215E+03	 1.938199951E+03
 1.354476589E+03	 1.937800049E+03
 1.355010908E+03	 1.940000000E+03
 1.355545171E+03	 1.934000000E+03
 1.356079379E+03	 1.939000000E+03
 1.356613530E+03	 1.941599976E+03
 1.357147627E+03	 1.920599976E+03
 1.357681667E+03	 1.938400024E+03
 1.358215652E+03	 1.946400024E+03
 1.358749582E+03	 1.942599976E+03
 1.359283456E+03	 1.943800049E+03
 1.359817274E+03	 1.946800049E+03
 1.360351037E+03	 1.947000000E+03
 1.360884744E+03	 1.924800049E+03
 1.361418395E+03	 1.958599976E+03
 1.361951991E+03	 1.950599976E+03
 1.362485531E+03	 1.953400024E+03
 1.363019016E+03	 1.957599976E+03
 1.363552445E+03	 1.943400024E+03
 1.364085819E+03	 1.955400024E+03
 1.364619137E+03	 1.928000000E+03
 1.365152400E+03	 1.944800049E+03
 1.365685607E+03	 1.949800049E+03
 1.366218758E+03	 1.970599976E+03
 1.366751854E+03	 1.944599976E+03
 1.367284894E+03	 1.964400024E+03
 1.367817879E+03	 1.957400024E+03
 1.368350808E+03	 1.956599976E+03
 1.368883682E+03	 1.961199951E+03
 1.369416500E+03	 1.960199951E+03
 1.369949263E+03	 1.969199951E+03
 1.370481970E+03	 1.973800049E+03
 1.371014622E+03	 1.970199951E+03
 1.371547218E+03	 1.968199951E+03
 1.372079758E+03	 1.967800049E+03
 1.372612244E+03	 1.955000000E+03
 1.373144673E+03	 1.948400024E+03
 1.373677047E+03	 1.974000000E+03
 1.374209366E+03	 1.976400024E+03
 1.374741629E+03	 1.956599976E+03
 1.375273836E+03	 1.967800049E+03
 1.375805989E+03	 1.958800049E+03
 1.376338085E+03	 1.981400024E+03
 1.376870126E+03	 1.960800049E+03
 1.377402112E+03	 1.971000000E+03
 1.377934042E+03	 1.963400024E+03
 1.378465917E+03	 1.959400024E+03
 1.378997736E+03	 1.987800049E+03
 1.379529500E+03	 1.973599976E+03
 1.380061208E+03	 1.968400024E+03
 1.380592861E+03	 1.962599976E+03
 1.381124459E+03	 1.991199951E+03
 1.381656000E+03	 1.972599976E+03
 1.382187487E+03	 1.959199951E+03
 1.382718918E+03	 1.965400024E+03
 1.383250294E+03	 1.999400024E+03
 1.383781614E+03	 1.977199951E+03
 1.384312879E+03	 1.972199951E+03
 1.384844088E+03	 1.996000000E+03
 1.385375242E+03	 1.991800049E+03
 1.385906340E+03	 1.984400024E+03
 1.386437383E+03	 2.017599976E+03
 1.386968371E+03	 2.007599976E+03
 1.387499303E+03	 2.032800049E+03
 1.388030180E+03	 2.089199951E+03
 1.388561001E+03	 2.556000000E+03
 1.389091767E+03	 3.461199951E+03
 1.389622478E+03	 2.633000000E+03
 1.390153133E+03	 2.092199951E+03
 1.390683733E+03	 2.018400024E+03
 1.391214277E+03	 2.014599976E+03
 1.391744766E+03	 2.000599976E+03
 1.392275200E+03	 2.001199951E+03
 1.392805578E+03	 1.998400024E+03
 1.393335901E+03	 1.987800049E+03
 1.393866168E+03	 1.990800049E+03
 1.394396381E+03	 2.008400024E+03
 1.394926537E+03	 1.991599976E+03
 1.395456639E+03	 1.978199951E+03
 1.395986685E+03	 1.988800049E+03
 1.396516675E+03	 1.988599976E+03
 1.397046611E+03	 2.007199951E+03
 1.397576491E+03	 1.992400024E+03
 1.398106315E+03	 2.009000000E+03
 1.398636084E+03	 1.991800049E+03
 1.399165798E+03	 2.015800049E+03
 1.399695457E+03	 2.000000000E+03
 1.400225060E+03	 2.000000000E+03
 1.400754608E+03	 1.974800049E+03
 1.401284101E+03	 1.987400024E+03
 1.401813538E+03	 1.999000000E+03
 1.402342920E+03	 2.007599976E+03
 1.402872247E+03	 2.007599976E+03
 1.403401518E+03	 2.009800049E+03
 1.403930734E+03	 2.013199951E+03
 1.404459895E+03	 1.999599976E+03
 1.404989000E+03	 2.023400024E+03
 1.405518050E+03	 2.016199951E+03
 1.406047045E+03	 2.006400024E+03
 1.406575984E+03	 2.026400024E+03
 1.407104869E+03	 2.000199951E+03
 1.407633697E+03	 2.021400024E+03
 1.408162471E+03	 2.002800049E+03
 1.408691189E+03	 2.013800049E+03
 1.409219852E+03	 2.016400024E+03
 1.409748460E+03	 2.057600098E+03
 1.410277013E+03	 2.110399902E+03
 1.410805510E+03	 2.092199951E+03
 1.411333952E+03	 2.057399902E+03
 1.411862339E+03	 2.008800049E+03
 1.412390670E+03	 2.029400024E+03
 1.412918946E+03	 2.021199951E+03
 1.413447167E+03	 2.025400024E+03
 1.413975333E+03	 2.038199951E+03
 1.414503444E+03	 2.014000000E+03
 1.415031499E+03	 2.027199951E+03
 1.415559499E+03	 2.032000000E+03
 1.416087444E+03	 2.027400024E+03
 1.416615333E+03	 2.014400024E+03
 1.417143167E+03	 2.021199951E+03
 1.417670947E+03	 2.008599976E+03
 1.418198670E+03	 2.025000000E+03
 1.418726339E+03	 2.000400024E+03
 1.419253952E+03	 2.034000000E+03
 1.419781511E+03	 2.047599976E+03
 1.420309014E+03	 2.030400024E+03
 1.420836461E+03	 2.015800049E+03
 1.421363854E+03	 2.023000000E+03
 1.421891191E+03	 2.044199951E+03
 1.422418474E+03	 1.999400024E+03
 1.422945701E+03	 2.043000000E+03
 1.423472872E+03	 2.022800049E+03
 1.423999989E+03	 2.050000000E+03
 1.424527050E+03	 2.034599976E+03
 1.425054057E+03	 2.032599976E+03
 1.425581008E+03	 2.014199951E+03
 1.426107904E+03	 2.038000000E+03
 1.426634745E+03	 2.022800049E+03
 1.427161530E+03	 2.042800049E+03
 1.427688261E+03	 2.048600098E+03
 1.428214936E+03	 2.026199951E+03
 1.428741556E+03	 2.011599976E+03
 1.429268121E+03	 2.044000000E+03
 1.429794631E+03	 2.041000000E+03
 1.430321085E+03	 2.025800049E+03
 1.430847485E+03	 2.024400024E+03
 1.431373829E+03	 2.029400024E+03
 1.431900118E+03	 2.031599976E+03
 1.432426353E+03	 2.039800049E+03
 1.432952532E+03	 2.030800049E+03
 1.433478655E+03	 2.025400024E+03
 1.434004724E+03	 2.014800049E+03
 1.434530738E+03	 2.029400024E+03
 1.435056696E+03	 2.018400024E+03
 1.435582600E+03	 2.022800049E+03
 1.436108448E+03	 2.039800049E+03
 1.436634241E+03	 2.037199951E+03
 1.437159979E+03	 2.028800049E+03
 1.437685662E+03	 2.022000000E+03
 1.438211290E+03	 2.035599976E+03
 1.438736863E+03	 2.028800049E+03
 1.439262381E+03	 2.029800049E+03
 1.439787843E+03	 2.057600098E+03
 1.440313251E+03	 2.031800049E+03
 1.440838603E+03	 2.028599976E+03
 1.441363900E+03	 2.053800049E+03
 1.441889143E+03	 2.051600098E+03
 1.442414330E+03	 2.038599976E+03
 1.442939462E+03	 2.039000000E+03
 1.443464539E+03	 2.047000000E+03
 1.443989561E+03	 2.046400024E+03
 1.444514528E+03	 2.022000000E+03
 1.445039440E+03	 2.030800049E+03
 1.445564297E+03	 2.051000000E+03
 1.446089099E+03	 2.030000000E+03
 1.446613846E+03	 2.038800049E+03
 1.447138537E+03	 2.034800049E+03
 1.447663174E+03	 2.019800049E+03
 1.448187756E+03	 2.042000000E+03
 1.448712282E+03	 2.035800049E+03
 1.449236754E+03	 2.037000000E+03
 1.449761171E+03	 2.031599976E+03
 1.450285532E+03	 2.044800049E+03
 1.450809839E+03	 2.017400024E+03
 1.451334090E+03	 2.024800049E+03
 1.451858287E+03	 2.036400024E+03
 1.452382428E+03	 2.051399902E+03
 1.452906515E+03	 2.025000000E+03
 1.453430546E+03	 2.035400024E+03
 1.453954523E+03	 2.041199951E+03
 1.454478444E+03	 2.041599976E+03
 1.455002311E+03	 2.050800049E+03
 1.455526123E+03	 2.053600098E+03
 1.456049879E+03	 2.029199951E+03
 1.456573581E+03	 2.028800049E+03
 1.457097227E+03	 2.047199951E+03
 1.457620819E+03	 2.035000000E+03
 1.458144356E+03	 2.063000000E+03
 1.458667837E+03	 2.037800049E+03
 1.459191264E+03	 2.044800049E+03
 1.459714636E+03	 2.040800049E+03
 1.460237952E+03	 2.051199951E+03
 1.460761214E+03	 2.062600098E+03
 1.461284421E+03	 2.039199951E+03
 1.461807573E+03	 2.045199951E+03
 1.462330670E+03	 2.041000000E+03
 1.462853712E+03	 2.045199951E+03
 1.463376699E+03	 2.064600098E+03
 1.463899632E+03	 2.062800049E+03
 1.464422509E+03	 2.022599976E+03
 1.464945331E+03	 2.026199951E+03
 1.465468099E+03	 2.053000000E+03
 1.465990811E+03	 2.031800049E+03
 1.466513469E+03	 2.057399902E+03
 1.467036071E+03	 2.068600098E+03
 1.467558619E+03	 2.060600098E+03
 1.468081112E+03	 2.054000000E+03
 1.468603550E+03	 2.076600098E+03
 1.469125933E+03	 2.036000000E+03
 1.469648261E+03	 2.035000000E+03
 1.470170534E+03	 2.031400024E+03
 1.470692752E+03	 2.030599976E+03
 1.471214916E+03	 2.042199951E+03
 1.471737024E+03	 2.039000000E+03
 1.472259078E+03	 2.049600098E+03
 1.472781077E+03	 2.044599976E+03
 1.473303021E+03	 2.041199951E+03
 1.473824910E+03	 2.068399902E+03
 1.474346744E+03	 2.052600098E+03
 1.474868523E+03	 2.049800049E+03
 1.475390248E+03	 2.037199951E+03
 1.475911917E+03	 2.048199951E+03
 1.476433532E+03	 2.054800049E+03
 1.476955092E+03	 2.031400024E+03
 1.477476597E+03	 2.055000000E+03
 1.477998047E+03	 2.051000000E+03
 1.478519442E+03	 2.052399902E+03
 1.479040783E+03	 2.030000000E+03
 1.479562068E+03	 2.034599976E+03
 1.480083299E+03	 2.038599976E+03
 1.480604475E+03	 2.044000000E+03
 1.481125596E+03	 2.053000000E+03
 1.481646663E+03	 2.040800049E+03
 1.482167674E+03	 2.051600098E+03
 1.482688631E+03	 2.049399902E+03
 1.483209533E+03	 2.033800049E+03
 1.483730380E+03	 2.034400024E+03
 1.484251172E+03	 2.047199951E+03
 1.484771909E+03	 2.054399902E+03
 1.485292592E+03	 2.045400024E+03
 1.485813220E+03	 2.044199951E+03
 1.486333793E+03	 2.037599976E+03
 1.486854311E+03	 2.051800049E+03
 1.487374775E+03	 2.050000000E+03
 1.487895183E+03	 2.049800049E+03
 1.488415537E+03	 2.031599976E+03
 1.488935836E+03	 2.041000000E+03
 1.489456081E+03	 2.061000000E+03
 1.489976270E+03	 2.049800049E+03
 1.490496405E+03	 2.042800049E+03
 1.491016485E+03	 2.038000000E+03
 1.491536511E+03	 2.047599976E+03
 1.492056481E+03	 2.044599976E+03
 1.492576397E+03	 2.036000000E+03
 1.493096258E+03	 2.065399902E+03
 1.493616064E+03	 2.045000000E+03
 1.494135816E+03	 2.039599976E+03
 1.494655513E+03	 2.045800049E+03
 1.495175155E+03	 2.046400024E+03
 1.495694742E+03	 2.061399902E+03
 1.496214274E+03	 2.033000000E+03
 1.496733752E+03	 2.046199951E+03
 1.497253175E+03	 2.059800049E+03
 1.497772544E+03	 2.050800049E+03
 1.498291858E+03	 2.051800049E+03
 1.498811116E+03	 2.041400024E+03
 1.499330321E+03	 2.041400024E+03
 1.499849470E+03	 2.043199951E+03
 1.500368565E+03	 2.052000000E+03
 1.500887605E+03	 2.033400024E+03
 1.501406591E+03	 2.025199951E+03
 1.501925521E+03	 2.022800049E+03
 1.502444397E+03	 2.037599976E+03
 1.502963219E+03	 2.045400024E+03
 1.503481985E+03	 2.060399902E+03
 1.504000697E+03	 2.049399902E+03
 1.504519355E+03	 2.047000000E+03
 1.505037957E+03	 2.034000000E+03
 1.505556505E+03	 2.027800049E+03
 1.506074999E+03	 2.048399902E+03
 1.506593437E+03	 2.043800049E+03
 1.507111821E+03	 2.038000000E+03
 1.507630150E+03	 2.039000000E+03
 1.508148425E+03	 2.050000000E+03
 1.508666645E+03	 2.044199951E+03
 1.509184810E+03	 2.028400024E+03
 1.509702921E+03	 2.030199951E+03
 1.510220977E+03	 2.050399902E+03
 1.510738979E+03	 2.054399902E+03
 1.511256925E+03	 2.049399902E+03
 1.511774817E+03	 2.058000000E+03
 1.512292655E+03	 2.031800049E+03
 1.512810438E+03	 2.046199951E+03
 1.513328166E+03	 2.037000000E+03
 1.513845840E+03	 2.034400024E+03
 1.514363459E+03	 2.051000000E+03
 1.514881023E+03	 2.050000000E+03
 1.515398533E+03	 2.047800049E+03
 1.515915988E+03	 2.035800049E+03
 1.516433389E+03	 2.048399902E+03
 1.516950734E+03	 2.040199951E+03
 1.517468026E+03	 2.042800049E+03
 1.517985263E+03	 2.049800049E+03
 1.518502445E+03	 2.050199951E+03
 1.519019572E+03	 2.043000000E+03
 1.519536645E+03	 2.038000000E+03
 1.520053664E+03	 2.031599976E+03
 1.520570628E+03	 2.057600098E+03
 1.521087537E+03	 2.032199951E+03
 1.521604392E+03	 2.029199951E+03
 1.522121192E+03	 2.038199951E+03
 1.522637937E+03	 2.055199951E+03
 1.523154628E+03	 2.045800049E+03
 1.523671265E+03	 2.052000000E+03
 1.524187847E+03	 2.029000000E+03
 1.524704374E+03	 2.044199951E+03
 1.525220847E+03	 2.047400024E+03
 1.525737265E+03	 2.050600098E+03
 1.526253629E+03	 2.049199951E+03
 1.526769938E+03	 2.036400024E+03
 1.527286192E+03	 2.053399902E+03
 1.527802392E+03	 2.014199951E+03
 1.528318538E+03	 2.055000000E+03
 1.528834629E+03	 2.055800049E+03
 1.529350666E+03	 2.040800049E+03
 1.529866648E+03	 2.038400024E+03
 1.530382575E+03	 2.038800049E+03
 1.530898448E+03	 2.032400024E+03
 1.531414266E+03	 2.043199951E+03
 1.531930030E+03	 2.061399902E+03
 1.532445740E+03	 2.063800049E+03
 1.532961395E+03	 2.049800049E+03
 1.533476995E+03	 2.030599976E+03
 1.533992541E+03	 2.050199951E+03
 1.534508033E+03	 2.046800049E+03
 1.535023470E+03	 2.044000000E+03
 1.535538852E+03	 2.050000000E+03
 1.536054180E+03	 2.049600098E+03
 1.536569454E+03	 2.055800049E+03
 1.537084673E+03	 2.040000000E+03
 1.537599837E+03	 2.042000000E+03
 1.538114947E+03	 2.056600098E+03
 1.538630003E+03	 2.068800049E+03
 1.539145004E+03	 2.047199951E+03
 1.539659951E+03	 2.041400024E+03
 1.540174843E+03	 2.040599976E+03
 1.540689681E+03	 2.041400024E+03
 1.541204465E+03	 2.039400024E+03
 1.541719194E+03	 2.040599976E+03
 1.542233868E+03	 2.051199951E+03
 1.542748488E+03	 2.060000000E+03
 1.543263054E+03	 2.028199951E+03
 1.543777565E+03	 2.033199951E+03
 1.544292022E+03	 2.053399902E+03
 1.544806424E+03	 2.059800049E+03
 1.545320772E+03	 2.047199951E+03
 1.545835066E+03	 2.058399902E+03
 1.546349305E+03	 2.041400024E+03
 1.546863489E+03	 2.041800049E+03
 1.547377620E+03	 2.064800049E+03
 1.547891696E+03	 2.031599976E+03
 1.548405717E+03	 2.033599976E+03
 1.548919684E+03	 2.034400024E+03
 1.549433597E+03	 2.065800049E+03
 1.549947455E+03	 2.051000000E+03
 1.550461259E+03	 2.057000000E+03
 1.550975009E+03	 2.059000000E+03
 1.551488704E+03	 2.054399902E+03
 1.552002345E+03	 2.056600098E+03
 1.552515931E+03	 2.056800049E+03
 1.553029463E+03	 2.065000000E+03
 1.553542941E+03	 2.046400024E+03
 1.554056364E+03	 2.053199951E+03
 1.554569733E+03	 2.070199951E+03
 1.555083048E+03	 2.061199951E+03
 1.555596308E+03	 2.042599976E+03
 1.556109514E+03	 2.056399902E+03
 1.556622665E+03	 2.061399902E+03
 1.557135762E+03	 2.062000000E+03
 1.557648805E+03	 2.067399902E+03
 1.558161794E+03	 2.043199951E+03
 1.558674728E+03	 2.058399902E+03
 1.559187608E+03	 2.058199951E+03
 1.559700433E+03	 2.033400024E+03
 1.560213205E+03	 2.048399902E+03
 1.560725921E+03	 2.042800049E+03
 1.561238584E+03	 2.054000000E+03
 1.561751192E+03	 2.052600098E+03
 1.562263746E+03	 2.062800049E+03
 1.562776246E+03	 2.064199951E+03
 1.563288691E+03	 2.060399902E+03
 1.563801082E+03	 2.053600098E+03
 1.564313419E+03	 2.049800049E+03
 1.564825701E+03	 2.038599976E+03
 1.565337929E+03	 2.055199951E+03
 1.565850103E+03	 2.060800049E+03
 1.566362223E+03	 2.041800049E+03
 1.566874288E+03	 2.023599976E+03
 1.567386299E+03	 2.060199951E+03
 1.567898256E+03	 2.052000000E+03
 1.568410158E+03	 2.054199951E+03
 1.568922007E+03	 2.061399902E+03
 1.569433800E+03	 2.049199951E+03
 1.569945540E+03	 2.049000000E+03
 1.570457226E+03	 2.052800049E+03
 1.570968857E+03	 2.028400024E+03
 1.571480434E+03	 2.041000000E+03
 1.571991956E+03	 2.062199951E+03
 1.572503425E+03	 2.048800049E+03
 1.573014839E+03	 2.057199951E+03
 1.573526199E+03	 2.070000000E+03
 1.574037505E+03	 2.036400024E+03
 1.574548756E+03	 2.057000000E+03
 1.575059953E+03	 2.050199951E+03
 1.575571096E+03	 2.058000000E+03
 1.576082185E+03	 2.041400024E+03
 1.576593220E+03	 2.042199951E+03
 1.577104200E+03	 2.066199951E+03
 1.577615126E+03	 2.045400024E+03
 1.578125998E+03	 2.050199951E+03
 1.578636816E+03	 2.051600098E+03
 1.579147580E+03	 2.030400024E+03
 1.579658289E+03	 2.032400024E+03
 1.580168944E+03	 2.051600098E+03
 1.580679545E+03	 2.039800049E+03
 1.581190092E+03	 2.038199951E+03
 1.581700585E+03	 2.029000000E+03
 1.582211023E+03	 2.034599976E+03
 1.582721407E+03	 2.039800049E+03
 1.583231737E+03	 2.038400024E+03
 1.583742013E+03	 2.041400024E+03
 1.584252235E+03	 2.046599976E+03
 1.584762403E+03	 2.038800049E+03
 1.585272516E+03	 2.033400024E+03
 1.585782575E+03	 2.040000000E+03
 1.586292581E+03	 2.043400024E+03
 1.586802532E+03	 2.032400024E+03
 1.587312428E+03	 2.026199951E+03
 1.587822271E+03	 2.034199951E+03
 1.588332060E+03	 2.029800049E+03
 1.588841794E+03	 2.041800049E+03
 1.589351474E+03	 2.036000000E+03
 1.589861100E+03	 2.036599976E+03
 1.590370672E+03	 2.046800049E+03
 1.590880190E+03	 2.023000000E+03
 1.591389654E+03	 2.056000000E+03
 1.591899064E+03	 2.040800049E+03
 1.592408419E+03	 2.031199951E+03
