1043.018714	1688.800049
1043.585098	1684.800049
1044.151424	1703.0
1044.717692	1687.400024
1045.283903	1692.599976
1045.850056	1665.400024
1046.416151	1682.800049
1046.982188	1680.400024
1047.548167	1674.599976
1048.114089	1675.800049
1048.679953	1682.599976
1049.24576	1681.800049
1049.811509	1699.199951
1050.3772	1694.199951
1050.942833	1708.599976
1051.508408	1681.199951
1052.073926	1694.0
1052.639387	1689.599976
1053.204789	1698.199951
1053.770134	1681.400024
1054.335421	1694.199951
1054.900651	1697.800049
1055.465823	1684.199951
1056.030937	1666.599976
1056.595993	1700.0
1057.160992	1682.199951
1057.725934	1706.800049
1058.290817	1684.800049
1058.855643	1690.199951
1059.420411	1688.0
1059.985122	1712.199951
1060.549775	1704.199951
1061.114371	1720.599976
1061.678908	1722.599976
1062.243389	1711.199951
1062.807811	1710.800049
1063.372176	1710.0
1063.936483	1723.800049
1064.500733	1711.599976
1065.064925	1712.400024
1065.62906	1709.0
1066.193137	1719.599976
1066.757156	1711.0
1067.321118	1717.199951
1067.885022	1714.400024
1068.448869	1725.400024
1069.012658	1712.400024
1069.57639	1722.400024
1070.140063	1725.400024
1070.70368	1739.199951
1071.267239	1735.199951
1071.83074	1723.199951
1072.394184	1728.199951
1072.95757	1724.599976
1073.520899	1740.800049
1074.08417	1753.199951
1074.647383	1734.0
1075.21054	1745.0
1075.773638	1743.0
1076.336679	1740.400024
1076.899663	1757.400024
1077.462589	1743.199951
1078.025457	1760.199951
1078.588268	1767.400024
1079.151022	1766.400024
1079.713718	1769.400024
1080.276356	1779.199951
1080.838937	1779.599976
1081.401461	1802.599976
1081.963927	1795.599976
1082.526336	1778.599976
1083.088687	1825.0
1083.650981	1811.400024
1084.213217	1806.800049
1084.775396	1813.800049
1085.337517	1819.599976
1085.899581	1814.800049
1086.461587	1826.800049
1087.023536	1799.800049
1087.585428	1825.199951
1088.147262	1811.599976
1088.709039	1808.599976
1089.270758	1810.800049
1089.83242	1816.599976
1090.394024	1793.800049
1090.955571	1823.800049
1091.517061	1813.199951
1092.078493	1815.0
1092.639868	1806.199951
1093.201185	1813.400024
1093.762445	1793.199951
1094.323648	1801.400024
1094.884793	1814.400024
1095.445881	1808.599976
1096.006911	1766.599976
1096.567884	1800.199951
1097.1288	1773.199951
1097.689659	1800.199951
1098.25046	1774.400024
1098.811203	1795.199951
1099.37189	1772.0
1099.932518	1788.400024
1100.49309	1778.599976
1101.053604	1779.599976
1101.614061	1753.599976
1102.174461	1775.0
1102.734803	1761.199951
1103.295088	1780.0
1103.855316	1739.199951
1104.415486	1770.599976
1104.975599	1758.599976
1105.535655	1767.0
1106.095653	1761.199951
1106.655594	1763.400024
1107.215478	1753.599976
1107.775305	1758.0
1108.335074	1773.400024
1108.894786	1760.599976
1109.45444	1770.400024
1110.014038	1787.400024
1110.573578	1743.199951
1111.133061	1757.199951
1111.692486	1753.400024
1112.251854	1759.599976
1112.811165	1746.400024
1113.370419	1784.0
1113.929616	1751.0
1114.488755	1775.400024
1115.047837	1764.0
1115.606862	1764.400024
1116.16583	1771.0
1116.72474	1792.199951
1117.283593	1768.800049
1117.842389	1771.800049
1118.401128	1776.800049
1118.959809	1769.800049
1119.518433	1777.800049
1120.077	1763.199951
1120.63551	1754.199951
1121.193963	1774.400024
1121.752358	1771.400024
1122.310697	1785.599976
1122.868978	1760.0
1123.427202	1780.199951
1123.985368	1790.800049
1124.543478	1791.400024
1125.10153	1780.199951
1125.659526	1781.0
1126.217464	1788.0
1126.775345	1779.800049
1127.333168	1779.199951
1127.890935	1767.0
1128.448644	1768.800049
1129.006297	1799.0
1129.563892	1806.0
1130.12143	1794.199951
1130.678911	2014.400024
1131.236335	1811.199951
1131.793701	1806.0
1132.351011	1795.0
1132.908263	1795.599976
1133.465458	1791.599976
1134.022597	1816.800049
1134.579678	1784.599976
1135.136702	1802.800049
1135.693669	1806.800049
1136.250578	1811.800049
1136.807431	1812.199951
1137.364227	1819.800049
1137.920965	1826.0
1138.477647	1821.400024
1139.034271	1821.599976
1139.590839	1803.400024
1140.147349	1828.800049
1140.703802	1813.0
1141.260198	1796.400024
1141.816537	1829.199951
1142.37282	1798.599976
1142.929045	1835.0
1143.485213	1814.599976
1144.041323	1827.400024
1144.597377	1824.599976
1145.153374	1823.400024
1145.709314	1817.0
1146.265197	1828.199951
1146.821023	1829.199951
1147.376792	1842.599976
1147.932503	1849.199951
1148.488158	1828.800049
1149.043756	1837.599976
1149.599297	1841.0
1150.154781	1850.800049
1150.710207	1847.0
1151.265577	1842.0
1151.82089	1852.400024
1152.376146	1841.400024
1152.931345	1859.800049
1153.486487	1858.199951
1154.041572	1844.400024
1154.5966	1848.599976
1155.151571	1848.199951
1155.706485	1863.400024
1156.261342	1855.400024
1156.816142	1860.0
1157.370885	1874.199951
1157.925572	1850.400024
1158.480201	1862.599976
1159.034774	1856.800049
1159.589289	1873.599976
1160.143748	1872.800049
1160.698149	1866.400024
1161.252494	1863.199951
1161.806782	1864.199951
1162.361013	1873.800049
1162.915187	1885.0
1163.469304	1876.400024
1164.023364	1880.599976
1164.577368	1873.400024
1165.131314	1894.800049
1165.685204	1883.400024
1166.239036	1879.599976
1166.792812	1884.0
1167.346531	1865.199951
1167.900193	1873.0
1168.453798	1900.0
1169.007347	1881.599976
1169.560838	1896.400024
1170.114273	1891.400024
1170.66765	1890.400024
1171.220971	1897.599976
1171.774235	1882.0
1172.327443	1895.0
1172.880593	1899.400024
1173.433687	1900.599976
1173.986723	1907.0
1174.539703	1915.199951
1175.092626	1909.0
1175.645493	1918.199951
1176.198302	1899.800049
1176.751055	1907.199951
1177.303751	1916.0
1177.85639	1907.400024
1178.408972	1911.400024
1178.961498	1927.0
1179.513966	1920.199951
1180.066378	1918.800049
1180.618733	1905.800049
1181.171032	1909.199951
1181.723273	1906.199951
1182.275458	1918.599976
1182.827586	1924.199951
1183.379657	1929.0
1183.931672	1887.199951
1184.48363	1932.400024
1185.035531	1912.199951
1185.587375	1940.800049
1186.139162	1924.0
1186.690893	1913.199951
1187.242567	1940.199951
1187.794184	1925.599976
1188.345745	1926.400024
1188.897249	1927.199951
1189.448696	1924.0
1190.000086	1926.400024
1190.55142	1945.800049
1191.102697	1944.400024
1191.653918	1950.800049
1192.205081	1921.0
1192.756188	1943.599976
1193.307238	1947.0
1193.858232	1942.199951
1194.409169	1936.800049
1194.960049	1928.0
1195.510872	1934.0
1196.061639	1937.800049
1196.612349	1925.0
1197.163003	1948.400024
1197.713599	1936.599976
1198.264139	1933.800049
1198.814623	1934.800049
1199.36505	1946.800049
1199.91542	1961.599976
1200.465734	1971.800049
1201.01599	1945.400024
1201.566191	1932.599976
1202.116334	1942.599976
1202.666421	1938.599976
1203.216452	1964.400024
1203.766425	1971.800049
1204.316343	1942.400024
1204.866203	1950.199951
1205.416007	1949.0
1205.965754	1940.599976
1206.515445	1950.800049
1207.065079	1942.199951
1207.614657	1950.400024
1208.164177	1961.400024
1208.713642	1958.400024
1209.26305	1970.400024
1209.812401	1979.400024
1210.361695	1970.400024
1210.910933	1969.0
1211.460115	1964.0
1212.00924	1970.599976
1212.558308	1948.599976
1213.10732	1978.599976
1213.656275	1959.400024
1214.205174	1970.0
1214.754016	1981.800049
1215.302801	1969.800049
1215.85153	1971.199951
1216.400203	1970.199951
1216.948819	1965.800049
1217.497378	1962.599976
1218.045881	1950.199951
1218.594327	1976.800049
1219.142717	1987.400024
1219.691051	1969.599976
1220.239327	1978.199951
1220.787548	1980.0
1221.335712	1995.199951
1221.883819	1992.0
1222.43187	1992.599976
1222.979864	1994.599976
1223.527802	1982.0
1224.075683	1979.800049
1224.623508	1975.199951
1225.171277	1989.800049
1225.718989	2002.599976
1226.266644	1978.0
1226.814243	1982.400024
1227.361786	1996.0
1227.909272	1999.400024
1228.456702	1981.599976
1229.004075	1989.400024
1229.551392	1991.0
1230.098652	2003.800049
1230.645856	2002.0
1231.193003	2006.400024
1231.740094	2009.0
1232.287129	2013.0
1232.834107	2004.400024
1233.381029	2015.599976
1233.927894	1980.800049
1234.474703	1991.199951
1235.021455	2003.400024
1235.568151	1989.0
1236.114791	1989.800049
1236.661374	2013.400024
1237.207901	2020.0
1237.754372	2010.0
1238.300786	2016.400024
1238.847144	2003.599976
1239.393445	2005.400024
1239.93969	2006.0
1240.485879	2025.599976
1241.032011	2022.0
1241.578087	2014.599976
1242.124106	1999.199951
1242.67007	2013.400024
1243.215976	2000.599976
1243.761827	2027.800049
1244.307621	2003.400024
1244.853359	2027.0
1245.39904	2019.400024
1245.944665	2025.599976
1246.490234	2027.800049
1247.035746	2045.599976
1247.581203	2011.800049
1248.126602	2034.199951
1248.671946	2019.800049
1249.217233	2029.400024
1249.762464	2034.599976
1250.307638	2038.800049
1250.852757	2055.399902
1251.942824	2040.0
1252.487774	2040.0
1253.032667	2043.0
1253.577503	2043.599976
1254.122284	2039.599976
1254.667008	2039.400024
1255.211676	2037.800049
1255.756288	2034.199951
1256.300843	2051.800049
1256.845342	2047.400024
1257.389785	2029.199951
1257.934172	2052.800049
1258.478502	2041.0
1259.022776	2031.199951
1259.566994	2048.199951
1260.111156	2067.600098
1260.655261	2066.800049
1261.199311	2044.599976
1261.743304	2055.399902
1262.28724	2044.0
1262.831121	2051.399902
1263.374945	2055.199951
1263.918713	2060.0
1264.462425	2057.0
1265.006081	2063.399902
1265.54968	2079.399902
1266.093223	2083.0
1266.636711	2052.600098
1267.180141	2061.600098
1267.723516	2089.399902
1268.266835	2055.800049
1268.810097	2065.600098
1269.353303	2077.399902
1269.896453	2076.600098
1270.439547	2066.399902
1270.982584	2062.399902
1271.525566	2086.600098
1272.068491	2077.399902
1272.61136	2084.800049
1273.154173	2067.399902
1273.69693	2075.399902
1274.239631	2082.399902
1274.782275	2072.800049
1275.324864	2087.0
1275.867396	2063.800049
1276.409872	2094.600098
1276.952292	2064.0
1277.494656	2093.600098
1278.036964	2076.0
1278.579215	2106.800049
1279.121411	2078.399902
1279.66355	2097.0
1280.205634	2086.199951
1280.747661	2080.800049
1281.289632	2073.0
1281.831547	2085.0
1282.373406	2104.199951
1282.915209	2095.800049
1283.456955	2090.600098
1283.998646	2119.800049
1284.540281	2129.600098
1285.081859	2210.800049
1285.623381	2411.0
1286.164848	2356.800049
1286.706258	2184.600098
1287.247612	2122.0
1287.788911	2101.199951
1288.330153	2106.199951
1288.871339	2112.600098
1289.412469	2108.0
1289.953543	2109.600098
1290.494561	2127.0
1291.035523	2084.600098
1291.576428	2107.399902
1292.117278	2112.199951
1292.658072	2092.199951
1293.19881	2113.0
1293.739492	2117.399902
1294.280118	2117.800049
1294.820687	2094.0
1295.361201	2104.600098
1295.901659	2122.199951
1296.442061	2113.600098
1296.982406	2120.600098
1297.522696	2108.399902
1298.06293	2102.800049
1298.603108	2111.399902
1299.143229	2124.199951
1299.683295	2104.800049
1300.223305	2101.399902
1300.763259	2113.800049
1301.303157	2113.600098
1301.842999	2105.399902
1302.382785	2097.600098
1302.922515	2120.800049
1303.462189	2104.600098
1304.001807	2110.0
1304.541369	2126.600098
1305.080875	2129.600098
1305.620326	2148.600098
1306.15972	2124.600098
1306.699058	2122.800049
1307.238341	2119.600098
1307.777567	2132.0
1308.316738	2133.0
1308.855853	2149.0
1309.394912	2140.600098
1309.933915	2143.600098
1310.472862	2134.0
1311.011753	2132.399902
1311.550588	2126.600098
1312.089367	2133.600098
1312.62809	2122.199951
1313.166758	2154.399902
1313.70537	2140.199951
1314.243925	2132.399902
1314.782425	2148.199951
1315.320869	2146.800049
1315.859257	2140.800049
1316.397589	2137.600098
1316.935866	2173.0
1317.474086	2139.0
1318.012251	2162.199951
1318.55036	2158.0
1319.088413	2144.600098
1319.62641	2141.0
1320.164351	2143.199951
1320.702236	2127.0
1321.240066	2152.800049
1321.777839	2159.600098
1322.315557	2155.199951
1322.853219	2129.0
1323.390826	2140.600098
1323.928376	2157.600098
1324.465871	2166.0
1325.003309	2145.199951
1325.540692	2139.0
1326.07802	2157.0
1326.615291	2152.600098
1327.152506	2148.199951
1327.689666	2142.0
1328.22677	2149.199951
1328.763818	2159.800049
1329.300811	2176.399902
1329.837747	2148.800049
1330.374628	2150.399902
1330.911453	2165.199951
1331.448222	2166.0
1331.984936	2150.600098
1332.521594	2166.800049
1333.058196	2169.199951
1333.594742	2170.800049
1334.131232	2148.0
1334.667667	2172.199951
1335.204046	2168.800049
1335.740369	2179.199951
1336.276637	2152.399902
1336.812848	2184.0
1337.349004	2180.199951
1337.885105	2182.0
1338.421149	2164.600098
1338.957138	2177.199951
1339.493071	2168.199951
1340.028949	2150.199951
1340.56477	2183.600098
1341.100536	2173.800049
1341.636246	2176.0
1342.171901	2161.0
1342.7075	2185.600098
1343.243043	2200.800049
1343.77853	2167.0
1344.313962	2178.800049
1344.849338	2176.800049
1345.384659	2164.800049
1345.919923	2162.199951
1346.455133	2181.199951
1346.990286	2185.800049
1347.525384	2172.600098
1348.060426	2182.0
1348.595412	2176.800049
1349.130343	2189.600098
1349.665218	2176.399902
1350.200037	2172.199951
1350.734801	2211.399902
1351.269509	2172.600098
1351.804162	2187.800049
1352.338758	2166.199951
1352.8733	2210.399902
1353.407785	2188.600098
1353.942215	2204.600098
1354.476589	2177.600098
1355.010908	2180.800049
1355.545171	2182.399902
1356.079379	2200.399902
1356.61353	2209.600098
1357.147627	2219.399902
1357.681667	2196.600098
1358.215652	2197.399902
1358.749582	2190.600098
1359.283456	2198.800049
1359.817274	2216.399902
1360.351037	2219.800049
1360.884744	2193.600098
1361.418395	2204.600098
1361.951991	2224.600098
1362.485531	2196.600098
1363.019016	2209.399902
1363.552445	2209.800049
1364.085819	2206.399902
1364.619137	2201.0
1365.1524	2214.199951
1365.685607	2206.199951
1366.218758	2200.199951
1366.751854	2205.800049
1367.284894	2230.800049
1367.817879	2215.600098
1368.350808	2206.800049
1368.883682	2219.800049
1369.4165	2211.0
1369.949263	2217.199951
1370.48197	2220.600098
1371.014622	2238.399902
1371.547218	2218.600098
1372.079758	2222.800049
1372.612244	2218.800049
1373.144673	2220.600098
1373.677047	2204.800049
1374.209366	2232.600098
1374.741629	2200.199951
1375.273836	2228.800049
1375.805989	2207.399902
1376.338085	2224.800049
1376.870126	2210.199951
1377.402112	2225.199951
1377.934042	2231.399902
1378.465917	2207.399902
1378.997736	2235.600098
1379.5295	2212.600098
1380.061208	2222.399902
1380.592861	2219.600098
1381.124459	2234.600098
1381.656	2223.800049
1382.187487	2231.399902
1382.718918	2216.0
1383.250294	2259.399902
1383.781614	2248.600098
1384.312879	2229.800049
1384.844088	2239.800049
1385.375242	2220.800049
1385.90634	2231.199951
1386.437383	2280.399902
1386.968371	2263.0
1387.499303	2244.600098
1388.03018	2300.800049
1388.561001	2499.199951
1389.091767	2865.0
1389.622478	2464.0
1390.153133	2295.600098
1390.683733	2249.0
1391.214277	2257.800049
1391.744766	2233.399902
1392.2752	2243.800049
1392.805578	2243.199951
1393.335901	2235.600098
1393.866168	2258.800049
1394.396381	2255.0
1394.926537	2243.399902
1395.456639	2220.800049
1395.986685	2241.0
1396.516675	2235.199951
1397.046611	2239.600098
1397.576491	2246.199951
1398.106315	2272.199951
1398.636084	2264.800049
1399.165798	2275.0
1399.695457	2253.800049
1400.22506	2281.399902
1400.754608	2282.0
1401.284101	2274.0
1401.813538	2260.399902
1402.34292	2266.800049
1402.872247	2271.399902
1403.401518	2282.0
1403.930734	2278.199951
1404.459895	2258.399902
1404.989	2277.0
1405.51805	2264.800049
1406.047045	2259.0
1406.575984	2270.600098
1407.104869	2275.0
1407.633697	2256.0
1408.162471	2285.0
1408.691189	2273.600098
1409.219852	2300.800049
1409.74846	2277.399902
1410.277013	2332.800049
1410.80551	2307.399902
1411.333952	2292.600098
1411.862339	2284.199951
1412.39067	2271.600098
1412.918946	2307.0
1413.447167	2254.600098
1413.975333	2292.399902
1414.503444	2268.600098
1415.031499	2309.0
1415.559499	2283.600098
1416.087444	2292.0
1416.615333	2256.800049
1417.143167	2289.600098
1417.670947	2284.0
1418.19867	2310.800049
1418.726339	2285.0
1419.253952	2289.0
1419.781511	2296.199951
1420.309014	2301.800049
1420.836461	2303.399902
1421.363854	2288.600098
1421.891191	2283.399902
1422.418474	2285.600098
1422.945701	2299.600098
1423.472872	2269.800049
1423.999989	2313.800049
1424.52705	2299.399902
1425.054057	2304.600098
1425.581008	2298.199951
1426.107904	2316.0
1426.634745	2330.0
1427.16153	2304.600098
1427.688261	2300.600098
1428.214936	2308.800049
1428.741556	2298.600098
1429.268121	2312.0
1429.794631	2303.800049
1430.321085	2327.399902
1430.847485	2312.399902
1431.373829	2313.0
1431.900118	2308.600098
1432.426353	2308.199951
1432.952532	2318.399902
1433.478655	2290.199951
1434.004724	2300.600098
1434.530738	2295.0
1435.056696	2306.399902
1435.5826	2309.199951
1436.108448	2301.0
1436.634241	2311.600098
1437.159979	2313.600098
1437.685662	2323.800049
1438.21129	2334.0
1438.736863	2324.0
1439.262381	2311.399902
1439.787843	2300.800049
1440.313251	2310.399902
1440.838603	2310.199951
1441.3639	2304.800049
1441.889143	2316.800049
1442.41433	2332.600098
1442.939462	2320.600098
1443.464539	2313.0
1443.989561	2307.600098
1444.514528	2321.0
1445.03944	2324.399902
1445.564297	2329.199951
1446.089099	2296.399902
1446.613846	2317.199951
1447.138537	2323.800049
1447.663174	2313.600098
1448.187756	2318.0
1448.712282	2314.0
1449.236754	2316.199951
1449.761171	2326.600098
1450.285532	2334.600098
1450.809839	2315.0
1451.33409	2322.600098
1451.858287	2331.0
1452.382428	2322.199951
1452.906515	2322.0
1453.430546	2334.399902
1453.954523	2315.199951
1454.478444	2342.199951
1455.002311	2327.600098
1455.526123	2346.199951
1456.049879	2322.800049
1456.573581	2316.800049
1457.097227	2344.600098
1457.620819	2341.800049
1458.144356	2316.0
1458.667837	2342.0
1459.191264	2345.800049
1459.714636	2338.800049
1460.237952	2336.199951
1460.761214	2341.600098
1461.284421	2348.399902
1461.807573	2333.199951
1462.33067	2344.0
1462.853712	2322.199951
1463.376699	2330.199951
1463.899632	2333.600098
1464.422509	2354.0
1464.945331	2331.199951
1465.468099	2341.600098
1465.990811	2338.399902
1466.513469	2341.199951
1467.036071	2325.199951
1467.558619	2348.399902
1468.081112	2332.199951
1468.60355	2342.800049
1469.125933	2334.800049
1469.648261	2355.199951
1470.170534	2319.399902
1470.692752	2337.800049
1471.214916	2342.600098
1471.737024	2366.199951
1472.259078	2340.0
1472.781077	2332.399902
1473.303021	2356.0
1473.82491	2337.800049
1474.346744	2344.399902
1474.868523	2343.199951
1475.390248	2339.199951
1475.911917	2333.0
1476.433532	2352.600098
1476.955092	2339.800049
1477.476597	2351.800049
1477.998047	2370.199951
1478.519442	2345.199951
1479.040783	2332.399902
1479.562068	2343.600098
1480.083299	2348.399902
1480.604475	2345.0
1481.125596	2355.199951
1481.646663	2354.600098
1482.167674	2340.800049
1482.688631	2337.199951
1483.209533	2334.399902
1483.73038	2373.199951
1484.251172	2329.199951
1484.771909	2346.800049
1485.292592	2346.600098
1485.81322	2324.0
1486.333793	2326.600098
1486.854311	2342.0
1487.374775	2324.800049
1487.895183	2355.0
1488.415537	2325.0
1488.935836	2330.199951
1489.456081	2355.600098
1489.97627	2345.199951
1490.496405	2341.0
1491.016485	2346.0
1491.536511	2310.199951
1492.056481	2329.800049
1492.576397	2341.199951
1493.096258	2337.399902
1493.616064	2342.800049
1494.135816	2320.800049
1494.655513	2347.600098
1495.175155	2328.0
1495.694742	2353.800049
1496.214274	2336.399902
1496.733752	2341.600098
1497.253175	2352.0
1497.772544	2350.800049
1498.291858	2367.399902
1498.811116	2351.199951
1499.330321	2344.600098
1499.84947	2350.399902
1500.368565	2349.800049
1500.887605	2323.600098
1501.406591	2354.800049
1501.925521	2351.600098
1502.444397	2349.0
1502.963219	2340.600098
1503.481985	2340.199951
1504.000697	2359.800049
1504.519355	2335.600098
1505.037957	2361.199951
1505.556505	2339.199951
1506.074999	2368.199951
1506.593437	2344.199951
1507.111821	2328.0
1507.63015	2333.800049
1508.148425	2354.600098
1508.666645	2335.199951
1509.18481	2339.0
1509.702921	2352.800049
1510.220977	2350.0
1510.738979	2362.600098
1511.256925	2348.800049
1511.774817	2348.600098
1512.292655	2348.0
1512.810438	2354.0
1513.328166	2341.600098
1513.84584	2349.399902
1514.363459	2370.399902
1514.881023	2362.399902
1515.398533	2330.399902
1515.915988	2347.0
1516.433389	2336.800049
1516.950734	2368.0
1517.468026	2339.0
1517.985263	2350.0
1518.502445	2355.800049
1519.019572	2354.800049
1519.536645	2364.600098
1520.053664	2353.399902
1520.570628	2341.800049
1521.087537	2350.600098
1521.604392	2354.600098
1522.121192	2353.800049
1522.637937	2346.399902
1523.154628	2353.399902
1523.671265	2370.800049
1524.187847	2352.399902
1524.704374	2361.0
1525.220847	2367.199951
1525.737265	2352.199951
1526.253629	2353.0
1526.769938	2342.0
1527.286192	2369.800049
1527.802392	2353.600098
1528.318538	2359.199951
1528.834629	2349.399902
1529.350666	2364.800049
1529.866648	2342.199951
1530.382575	2381.399902
1530.898448	2358.399902
1531.414266	2362.199951
1531.93003	2367.600098
1532.44574	2371.600098
1532.961395	2380.199951
1533.476995	2372.0
1533.992541	2352.399902
1534.508033	2377.399902
1535.02347	2368.399902
1535.538852	2347.399902
1536.05418	2371.800049
1536.569454	2357.800049
1537.084673	2376.600098
1537.599837	2345.0
1538.114947	2359.800049
1538.630003	2358.399902
1539.145004	2370.0
1539.659951	2361.0
1540.174843	2365.600098
1540.689681	2386.399902
1541.204465	2359.399902
1541.719194	2356.600098
1542.233868	2374.399902
1542.748488	2380.800049
1543.263054	2361.800049
1543.777565	2359.199951
1544.292022	2377.199951
1544.806424	2395.199951
1545.320772	2363.0
1545.835066	2382.0
1546.349305	2362.0
1546.863489	2365.800049
1547.37762	2365.600098
1547.891696	2377.800049
1548.405717	2367.600098
1548.919684	2365.199951
1549.433597	2391.399902
1549.947455	2389.399902
1550.461259	2378.199951
1550.975009	2378.199951
1551.488704	2371.199951
1552.002345	2384.399902
1552.515931	2384.199951
1553.029463	2387.0
1553.542941	2376.600098
1554.056364	2365.399902
1554.569733	2382.399902
1555.083048	2384.399902
1555.596308	2374.800049
1556.109514	2375.0
1556.622665	2384.800049
1557.135762	2378.600098
1557.648805	2372.199951
1558.161794	2377.0
1558.674728	2409.399902
1559.187608	2387.199951
1559.700433	2374.600098
1560.213205	2356.199951
1560.725921	2371.600098
1561.238584	2385.600098
1561.751192	2375.199951
1562.263746	2388.199951
1562.776246	2365.600098
1563.288691	2395.399902
1563.801082	2377.399902
1564.313419	2383.199951
1564.825701	2355.199951
1565.337929	2360.199951
1565.850103	2380.0
1566.362223	2367.0
1566.874288	2358.199951
1567.386299	2384.0
1567.898256	2373.399902
1568.410158	2390.199951
1568.922007	2379.199951
1569.4338	2364.399902
1569.94554	2375.199951
1570.457226	2401.199951
1570.968857	2364.600098
1571.480434	2381.600098
1571.991956	2386.199951
1572.503425	2379.199951
1573.014839	2370.399902
1573.526199	2377.600098
1574.037505	2373.600098
1574.548756	2388.0
1575.059953	2362.0
1575.571096	2405.600098
1576.082185	2378.800049
1576.59322	2394.600098
1577.1042	2378.399902
1577.615126	2402.800049
1578.125998	2376.0
1578.636816	2390.600098
1579.14758	2392.800049
1579.658289	2375.600098
1580.168944	2400.199951
1580.679545	2379.199951
1581.190092	2389.800049
1581.700585	2357.600098
1582.211023	2352.600098
1582.721407	2383.199951
1583.231737	2379.0
1583.742013	2372.800049
1584.252235	2357.0
1584.762403	2398.399902
1585.272516	2358.800049
1585.782575	2386.399902
1586.292581	2371.199951
1586.802532	2367.600098
1587.312428	2374.600098
1587.822271	2400.199951
1588.33206	2379.399902
1588.841794	2387.0
1589.351474	2375.800049
1589.8611	2358.199951
1590.370672	2418.600098
1590.88019	2366.0
1591.389654	2382.0
1591.899064	2362.199951
1592.408419	2367.0
