1042.414189	757.0
1042.980685	752.0
1043.547124	747.0
1044.113505	756.75
1044.679828	751.75
1045.246093	751.75
1045.8123	758.75
1046.378449	758.75
1046.94454	749.5
1047.510573	755.25
1048.076548	752.75
1048.642465	748.75
1049.208325	745.5
1049.774126	757.75
1050.339869	746.25
1050.905555	746.25
1051.471183	749.25
1052.036752	753.25
1052.602264	744.5
1053.167718	753.75
1053.733114	747.75
1054.298452	745.0
1054.863733	749.0
1055.428955	746.0
1055.994119	746.75
1056.559226	746.5
1057.124275	746.0
1057.689266	748.5
1058.254199	751.0
1058.819074	749.5
1059.383891	748.0
1059.94865	744.5
1060.513352	746.25
1061.077996	741.75
1061.642582	746.25
1062.20711	745.75
1062.77158	747.75
1063.335992	741.5
1063.900347	748.75
1064.464643	748.75
1065.028882	753.25
1065.593063	746.5
1066.157187	746.0
1066.721252	739.75
1067.28526	748.0
1067.84921	742.0
1068.413102	744.25
1068.976936	744.0
1069.540713	747.5
1070.104431	757.0
1070.668092	741.0
1071.231696	745.0
1071.795241	745.75
1072.358729	740.0
1072.922159	745.5
1073.485531	742.5
1074.048845	744.75
1074.612102	745.5
1075.175301	750.25
1075.738442	744.75
1076.301525	743.25
1076.864551	745.75
1077.427519	742.75
1077.990429	741.25
1078.553281	749.75
1079.116076	741.25
1079.678813	742.5
1080.241492	743.25
1080.804114	739.0
1081.366678	741.25
1081.929184	741.0
1082.491633	740.75
1083.054024	743.0
1083.616357	743.0
1084.178632	745.5
1084.74085	740.0
1085.30301	743.0
1085.865113	744.25
1086.427158	742.0
1086.989145	744.0
1087.551074	740.5
1088.112946	745.25
1088.67476	741.75
1089.236517	741.0
1089.798216	741.5
1090.359857	744.5
1090.92144	743.0
1091.482966	742.75
1092.044435	742.5
1092.605845	740.75
1093.167199	736.25
1093.728494	738.25
1094.289732	740.25
1094.850912	738.25
1095.412035	752.0
1095.9731	738.25
1096.534107	739.75
1097.095057	745.5
1097.65595	737.75
1098.216784	740.75
1098.777561	741.75
1099.338281	738.0
1099.898943	741.5
1100.459547	739.25
1101.020094	736.5
1101.580584	739.25
1102.141015	740.25
1102.701389	738.75
1103.261706	741.0
1103.821965	741.0
1104.382167	740.75
1104.942311	734.75
1105.502397	744.0
1106.062426	740.25
1106.622398	741.25
1107.182312	738.5
1107.742168	733.25
1108.301967	738.0
1108.861708	740.0
1109.421392	740.5
1109.981019	740.5
1110.540587	740.75
1111.100099	739.0
1111.659553	742.0
1112.218949	741.5
1112.778288	739.0
1113.33757	739.0
1113.896794	736.25
1114.45596	743.75
1115.015069	737.5
1115.574121	734.5
1116.133115	742.0
1116.692052	736.0
1117.250931	742.25
1117.809753	739.0
1118.368517	737.75
1118.927224	740.25
1119.485873	739.5
1120.044465	740.0
1120.603	738.0
1121.161477	742.25
1121.719897	742.5
1122.278259	740.0
1122.836564	739.75
1123.394812	742.0
1123.953002	737.75
1124.511135	736.25
1125.06921	735.5
1125.627228	735.75
1126.185189	732.25
1126.743092	735.25
1127.300938	738.75
1127.858726	741.25
1128.416457	743.25
1128.974131	740.75
1129.531748	740.25
1130.089307	736.75
1130.646808	742.25
1131.204252	738.5
1131.761639	744.5
1132.318969	733.75
1132.876241	744.75
1133.433456	738.5
1133.990614	737.0
1134.547714	739.0
1135.104757	738.5
1135.661743	741.0
1136.218671	739.5
1136.775542	741.25
1137.332356	742.25
1137.889112	738.0
1138.445811	735.25
1139.002453	741.75
1139.559037	742.0
1140.115565	739.25
1140.672035	741.5
1141.228447	737.0
1141.784803	737.0
1142.341101	740.75
1142.897342	746.75
1143.453525	748.25
1144.009651	735.0
1144.565721	745.5
1145.121732	742.0
1145.677687	740.0
1146.233584	738.25
1146.789424	740.75
1147.345207	738.75
1147.900933	749.25
1148.456601	743.0
1149.012212	744.0
1149.567766	748.25
1150.123263	754.75
1150.678702	787.75
1151.234085	791.75
1151.78941	754.25
1152.344678	741.0
1152.899888	742.75
1153.455042	739.0
1154.010138	743.5
1154.565177	746.25
1155.120159	739.5
1155.675084	736.25
1156.229951	740.75
1156.784762	741.0
1157.339515	738.25
1157.894211	736.0
1158.44885	742.0
1159.003432	738.75
1159.557956	742.75
1160.112424	742.5
1160.666834	748.0
1161.221187	732.5
1161.775483	742.5
1162.329722	740.25
1162.883904	740.25
1163.438029	740.0
1163.992096	734.5
1164.546107	732.75
1165.10006	741.25
1165.653956	746.5
1166.207795	732.75
1166.761577	746.25
1167.315302	737.25
1167.86897	738.25
1168.422581	740.0
1168.976134	743.0
1169.529631	740.5
1170.08307	742.75
1170.636453	737.75
1171.189778	735.25
1171.743046	738.25
1172.296257	746.75
1172.849412	741.5
1173.402509	739.75
1173.955549	742.0
1174.508532	737.5
1175.061458	742.75
1175.614327	734.0
1176.167138	735.0
1176.719893	736.75
1177.272591	743.25
1177.825232	738.75
1178.377816	739.75
1178.930342	738.5
1179.482812	737.75
1180.035225	745.5
1180.587581	736.75
1181.139879	730.0
1181.692121	736.0
1182.244306	740.0
1182.796434	741.5
1183.348504	738.5
1183.900518	740.75
1184.452475	737.75
1185.004375	739.0
1185.556218	742.5
1186.108004	739.25
1186.659733	739.0
1187.211405	743.25
1187.76302	740.5
1188.314578	735.5
1188.866079	734.0
1189.417523	739.75
1189.96891	736.25
1190.520241	736.25
1191.071514	735.0
1191.622731	742.5
1192.17389	734.25
1192.724993	732.25
1193.276039	759.75
1193.827027	734.25
1194.377959	735.0
1194.928834	740.5
1195.479653	737.0
1196.030414	738.25
1196.581118	743.75
1197.131766	733.5
1197.682356	738.25
1198.23289	739.75
1198.783367	738.0
1199.333786	739.0
1199.88415	733.0
1200.434456	738.25
1200.984705	737.0
1201.534898	734.75
1202.085033	736.25
1202.635112	736.5
1203.185134	739.75
1203.735099	736.25
1204.285007	737.0
1204.834859	732.75
1205.384653	740.0
1205.934391	732.5
1206.484072	738.0
1207.033696	741.5
1207.583263	738.75
1208.132774	739.75
1208.682228	738.75
1209.231624	734.25
1209.780965	735.5
1210.330248	737.0
1210.879474	739.75
1211.428644	739.75
1211.977757	731.75
1212.526813	740.75
1213.075813	735.5
1213.624755	734.0
1214.173641	734.25
1214.72247	738.0
1215.271242	738.0
1215.819958	737.75
1216.368617	741.75
1216.917219	735.75
1217.465764	737.5
1218.014253	743.25
1218.562685	731.25
1219.11106	734.5
1219.659378	737.5
1220.20764	733.5
1220.755845	735.25
1221.303993	737.75
1221.852085	737.75
1222.400119	734.25
1222.948097	734.75
1223.496019	737.5
1224.043883	733.25
1224.591691	742.0
1225.139443	735.75
1225.687137	738.0
1226.234775	737.5
1226.782357	730.75
1227.329881	738.0
1227.877349	740.75
1228.42476	738.25
1228.972115	738.25
1229.519413	735.5
1230.066654	737.75
1230.613839	737.75
1231.160967	732.75
1231.708038	730.75
1232.255053	732.5
1232.802011	735.5
1233.348912	734.75
1233.895757	742.5
1234.442545	736.25
1234.989277	737.25
1235.535951	738.0
1236.08257	736.25
1236.629131	732.0
1237.175636	737.25
1237.722085	735.75
1238.268477	730.0
1238.814812	735.25
1239.361091	740.75
1239.907313	737.25
1240.453478	733.0
1240.999587	735.75
1241.54564	734.25
1242.091636	734.25
1242.637575	740.5
1243.183457	733.25
1243.729284	733.75
1244.275053	730.5
1244.820766	731.5
1245.366423	736.25
1245.912022	735.0
1246.457566	739.25
1247.003053	732.75
1247.548483	736.0
1248.093857	740.25
1248.639174	737.0
1249.184435	739.0
1249.729639	731.0
1250.274787	737.0
1250.819878	740.75
1251.364912	739.5
1251.909891	736.75
1252.454812	737.25
1252.999677	733.75
1253.544486	738.75
1254.089238	734.0
1254.633934	729.0
1255.178573	728.5
1255.723156	734.75
1256.267682	735.0
1256.812152	734.25
1257.356565	736.5
1257.900922	737.25
1258.445223	738.25
1258.989467	734.5
1259.533654	735.75
1260.077785	744.25
1260.62186	732.75
1261.165878	740.0
1261.70984	738.0
1262.253745	730.25
1262.797594	735.25
1263.341386	737.5
1263.885123	740.0
1264.428802	743.5
1264.972425	753.0
1265.515992	746.5
1266.059503	748.75
1266.602957	739.5
1267.146354	739.25
1267.689696	731.75
1268.23298	736.75
1268.776209	734.5
1269.319381	735.25
1269.862497	728.75
1270.405556	728.25
1270.948559	740.0
1271.491506	738.25
1272.034396	727.25
1272.57723	739.25
1273.120007	734.5
1273.662728	734.5
1274.205393	736.75
1274.748002	731.5
1275.290554	736.25
1275.83305	734.5
1276.375489	738.25
1276.917872	738.0
1277.460199	732.75
1278.00247	738.0
1278.544684	739.0
1279.086842	735.25
1279.628943	737.0
1280.170989	735.5
1280.712978	733.25
1281.25491	735.0
1281.796787	736.25
1282.338607	738.75
1282.880371	737.75
1283.422078	749.5
1283.963729	754.75
1284.505324	776.0
1285.046863	863.0
1285.588345	975.25
1286.129772	899.0
1286.671142	781.75
1287.212455	753.0
1287.753713	738.0
1288.294914	749.75
1288.836059	741.25
1289.377147	735.75
1289.91818	735.75
1290.459156	736.75
1291.000076	739.5
1291.54094	736.0
1292.081747	730.75
1292.622499	737.0
1293.163194	736.0
1293.703833	727.5
1294.244415	735.0
1294.784942	734.25
1295.325412	787.0
1295.865826	897.5
1296.406184	1009.25
1296.946486	1010.75
1298.026921	736.25
1298.567054	732.0
1299.107131	731.0
1299.647152	731.25
1300.187116	729.0
1300.727025	731.5
1301.266877	734.5
1301.806673	728.75
1302.346413	732.0
1302.886097	737.25
1303.425725	735.75
1303.965297	732.0
1304.504812	729.25
1305.044272	733.5
1305.583675	732.5
1306.123022	736.5
1306.662313	733.25
1307.201548	736.25
1307.740727	734.75
1308.279849	728.5
1308.818916	734.25
1309.357926	733.5
1309.896881	735.25
1310.435779	734.0
1310.974621	730.0
1311.513407	737.0
1312.052137	738.25
1312.590811	730.25
1313.129429	730.0
1313.667991	732.75
1314.206497	736.25
1314.744946	725.75
1315.28334	728.5
1315.821678	726.5
1316.359959	737.5
1316.898184	734.75
1317.436354	728.75
1317.974467	732.5
1318.512525	728.75
1319.050526	736.0
1319.588471	727.75
1320.12636	728.5
1320.664194	731.0
1321.201971	733.5
1321.739692	734.0
1322.277357	731.0
1322.814967	732.75
1323.35252	728.75
1323.890017	736.0
1324.427458	726.0
1324.964843	736.25
1325.502173	725.0
1326.039446	735.0
1326.576663	731.25
1327.113824	731.25
1327.65093	732.5
1328.187979	723.25
1328.724972	728.25
1329.26191	728.75
1329.798791	733.25
1330.335617	730.25
1330.872386	734.75
1331.4091	731.25
1331.945758	735.5
1332.48236	730.5
1333.018905	735.75
1333.555395	728.75
1334.091829	726.5
1334.628207	731.0
1335.164529	733.75
1335.700796	732.25
1336.237006	736.0
1336.77316	728.75
1337.309259	728.75
1337.845301	732.75
1338.381288	727.75
1338.917219	734.25
1339.453094	730.5
1339.988913	733.75
1340.524676	735.5
1341.060383	729.0
1341.596034	731.75
1342.13163	729.25
1342.66717	730.5
1343.202653	733.0
1343.738081	733.25
1344.273453	733.0
1344.80877	727.75
1345.34403	734.25
1345.879235	729.5
1346.414383	732.0
1346.949476	727.0
1347.484513	732.75
1348.019494	729.25
1348.55442	727.25
1349.089289	731.25
1349.624103	731.5
1350.158861	731.25
1350.693563	731.25
1351.228209	728.75
1351.7628	731.0
1352.297334	728.0
1352.831813	733.25
1353.366236	737.25
1353.900604	732.25
1354.434915	730.5
1354.969171	727.5
1355.503371	732.5
1356.037515	730.0
1356.571604	731.5
1357.105636	728.75
1357.639613	733.0
1358.173535	727.0
1358.7074	725.75
1359.24121	732.25
1359.774964	730.0
1360.308662	728.5
1360.842304	727.0
1361.375891	732.75
1361.909422	731.25
1362.442897	729.25
1362.976317	724.0
1363.50968	732.0
1364.042989	728.75
1364.576241	732.75
1365.109438	730.25
1365.642579	728.75
1366.175664	731.25
1366.708693	730.5
1367.241667	726.5
1367.774585	735.0
1368.307448	727.75
1368.840255	734.25
1369.373006	728.25
1369.905701	727.75
1370.438341	731.0
1370.970925	731.75
1371.503454	732.5
1372.035926	735.5
1372.568344	731.0
1373.100705	725.25
1373.633011	734.75
1374.165261	730.75
1374.697456	728.0
1375.229595	726.25
1375.761678	731.5
1376.293705	733.5
1376.825677	729.75
1377.357594	727.5
1377.889455	731.75
1378.42126	729.25
1378.953009	734.25
1379.484703	730.5
1380.016342	729.75
1380.547924	730.25
1381.079452	732.0
1381.610923	726.5
1382.142339	736.5
1382.673699	728.5
1383.205004	728.75
1383.736253	734.5
1384.267447	739.5
1384.798585	735.5
1385.329668	730.25
1385.860695	733.25
1386.391666	744.0
1386.922582	746.75
1387.453442	752.25
1387.984247	807.25
1388.514996	999.5
1389.04569	1204.75
1389.576328	906.75
1390.10691	774.5
1390.637437	740.5
1391.167909	741.75
1391.698325	732.0
1392.228685	730.5
1392.75899	730.5
1393.28924	732.75
1393.819434	735.5
1394.349572	730.0
1394.879655	732.5
1395.409683	736.25
1395.939655	731.25
1396.469571	735.0
1396.999432	733.25
1397.529237	728.75
1398.058987	732.5
1398.588682	729.75
1399.118321	730.75
1399.647905	730.25
1400.177433	734.25
1400.706906	731.0
1401.236323	726.5
1401.765685	730.5
1402.294991	731.0
1402.824242	731.25
1403.353437	731.25
1403.882577	728.5
1404.411662	729.5
1404.940691	730.25
1405.469665	727.25
1405.998583	730.25
1406.527446	731.25
1407.056253	729.25
1407.585005	730.5
1408.113702	737.5
1408.642343	729.75
1409.170929	735.25
1409.69946	741.0
1410.227935	758.0
1410.756354	752.0
1411.284719	737.75
1411.813028	733.75
1412.341281	736.25
1412.869479	730.0
1413.397622	730.5
1413.92571	727.0
1414.453742	730.5
1414.981718	730.75
1415.50964	747.0
1416.037506	731.0
1416.565316	727.75
1417.093072	725.5
1417.620772	728.75
1418.148416	725.5
1418.676005	728.5
1419.203539	728.0
1419.731018	729.5
1420.258441	728.5
1420.785809	727.25
1421.313122	733.5
1421.840379	725.25
1422.367582	722.5
1422.894728	727.5
1423.42182	734.25
1423.948856	724.5
1424.475837	724.0
1425.002762	732.0
1425.529633	725.0
1426.056448	731.75
1426.583207	732.0
1427.109912	722.75
1427.636561	728.5
1428.163155	724.25
1428.689694	726.5
1429.216177	728.75
1429.742605	729.0
1430.268978	729.75
1430.795296	726.25
1431.321558	727.75
1431.847765	723.5
1432.373917	729.0
1432.900014	728.5
1433.426056	722.75
1433.952042	730.75
1434.477973	726.0
1435.003849	726.5
1435.529669	729.75
1436.055435	728.5
1436.581145	725.0
1437.1068	724.5
1437.632399	730.75
1438.157944	720.75
1438.683433	726.25
1439.208868	730.5
1439.734247	727.0
1440.25957	730.25
1440.784839	730.0
1441.310053	721.5
1441.835211	723.0
1442.360314	730.25
1442.885362	727.5
1443.410355	724.75
1443.935292	727.5
1444.460175	723.75
1444.985002	724.25
1445.509774	723.75
1446.034491	722.0
1446.559153	732.0
1447.08376	728.0
1447.608312	729.75
1448.132808	725.0
1448.65725	726.25
1449.181636	728.25
1449.705967	723.0
1450.230243	726.25
1450.754464	730.75
1451.27863	725.0
1451.802741	725.75
1452.326797	729.25
1452.850797	719.75
1453.374743	727.75
1453.898633	730.0
1454.422468	723.25
1454.946249	726.75
1455.469974	725.0
1455.993644	724.25
1456.517259	723.5
1457.040819	726.0
1457.564324	720.25
1458.087773	728.0
1458.611168	726.0
1459.134508	722.25
1459.657793	724.25
1460.181022	726.25
1460.704197	724.25
1461.227316	721.0
1461.750381	727.0
1462.27339	727.0
1462.796345	739.5
1463.319244	732.5
1463.842089	729.25
1464.364878	719.75
1464.887613	723.5
1465.410292	726.75
1465.932916	722.75
1466.455486	723.0
1466.978	723.5
1467.50046	723.25
1468.022864	723.0
1468.545214	728.5
1469.067508	720.75
1469.589748	723.25
1470.111932	726.75
1470.634062	722.5
1471.156136	722.0
1471.678156	726.25
1472.20012	721.75
1472.72203	728.0
1473.243885	724.75
1473.765685	728.5
1474.28743	727.75
1474.80912	723.0
1475.330755	726.0
1475.852335	723.25
1476.37386	724.25
1476.89533	721.75
1477.416745	726.75
1477.938106	722.75
1478.459411	723.75
1478.980662	728.5
1479.501857	725.75
1480.022998	722.0
1480.544084	727.25
1481.065115	719.25
1481.586091	723.75
1482.107012	725.25
1482.627878	720.0
1483.14869	722.0
1483.669446	727.5
1484.190148	725.25
1484.710794	722.5
1485.231386	723.25
1485.751923	728.5
1486.272406	724.5
1486.792833	723.25
1487.313205	726.25
1487.833523	726.25
1488.353786	732.75
1488.873994	727.25
1489.394147	721.5
1489.914245	724.75
1490.434288	728.5
1490.954277	723.0
1491.474211	719.0
1491.99409	725.0
1492.513914	717.0
1493.033683	724.75
1493.553398	725.0
1494.073057	723.75
1494.592662	725.5
1495.112212	718.75
1495.631708	723.0
1496.151148	721.5
1496.670534	720.0
1497.189865	723.75
1497.709141	719.75
1498.228362	719.75
1498.747529	719.25
1499.266641	725.25
1499.785698	733.75
1500.3047	722.5
1500.823648	723.0
1501.34254	722.75
1501.861379	721.5
1502.380162	722.5
1502.89889	726.5
1503.417564	723.25
1503.936183	724.0
1504.454748	723.5
1504.973257	717.75
1505.491712	725.5
1506.010112	721.5
1506.528458	716.5
1507.046748	721.75
1507.564984	727.0
1508.083166	722.0
1508.601292	717.75
1509.119364	723.5
1509.637381	723.0
1510.155344	716.75
1510.673252	733.0
1511.191105	721.25
1511.708903	724.5
1512.226647	721.75
1512.744336	718.25
1513.261971	718.75
1513.77955	717.25
1514.297076	719.5
1514.814546	721.0
1515.331962	722.0
1515.849323	716.75
1516.366629	718.25
1516.883881	720.75
1517.401078	719.75
1517.918221	720.75
1518.435309	724.5
1518.952342	718.25
1519.469321	722.5
1519.986245	726.0
1520.503114	717.75
1521.019929	719.0
1521.536689	719.0
1522.053395	724.5
1522.570046	719.75
1523.086642	719.5
1523.603184	727.0
1524.119671	723.0
1524.636103	720.5
1525.152481	723.5
1525.668805	731.25
1526.185073	731.0
1526.701288	725.25
1527.217447	725.0
1527.733552	719.25
1528.249603	722.75
1528.765599	717.75
1529.28154	719.75
1529.797427	723.25
1530.313259	722.75
1530.829037	720.5
1531.34476	718.75
1531.860429	720.75
1532.376043	725.25
1532.891602	723.5
1533.407107	725.25
1533.922558	716.0
1534.437954	721.0
1534.953295	725.5
1535.468582	722.75
1535.983815	724.75
1536.498993	718.75
1537.014116	724.25
1537.529185	724.0
1539.074064	727.0
1539.588915	723.25
1540.103712	718.5
1540.618454	722.75
1541.133141	722.75
1541.647774	721.75
1542.162353	721.0
1542.676877	722.75
1543.191346	722.75
1543.705761	720.5
1544.220122	717.5
1544.734428	718.25
1545.24868	721.0
1545.762877	721.75
1546.27702	724.75
1546.791109	723.0
1547.305143	723.0
1547.819122	718.0
1548.333047	719.25
1548.846918	720.5
1549.360734	721.0
1549.874496	726.0
1550.388204	722.5
1550.901857	718.25
1551.415455	722.0
1551.929	722.0
1552.442489	721.75
1552.955925	721.0
1553.469306	723.0
1553.982632	726.75
1554.495905	720.75
1555.009123	724.0
1555.522286	715.25
1556.035395	722.75
1556.54845	721.25
1557.06145	717.75
1557.574396	720.5
1558.087288	725.5
1558.600125	726.5
1559.112908	719.25
1559.625637	718.75
1560.138311	718.75
1560.650931	720.5
1561.163497	721.25
1561.676008	720.25
1562.188465	728.25
1562.700867	714.25
1563.213216	723.75
1563.725509	724.0
1564.237749	723.5
1564.749934	716.25
1565.262065	721.0
1565.774142	718.25
1566.286164	720.5
1566.798132	720.5
1567.310046	724.75
1567.821906	722.5
1568.333711	726.25
1568.845462	719.0
1569.357158	717.5
1569.868801	719.75
1570.380389	721.5
1570.891922	716.5
1571.403402	727.75
1571.914827	724.25
1572.426198	720.75
1572.937515	720.0
1573.448777	720.0
1573.959985	721.75
1574.471139	723.0
1574.982239	723.0
1575.493285	721.25
1576.004276	720.5
1576.515213	719.25
1577.026096	721.5
1577.536924	715.25
1578.047698	723.5
1578.558419	722.5
1579.069084	720.0
1579.579696	718.0
1580.090254	720.0
1580.600757	715.0
1581.111206	720.75
1581.621601	721.75
1582.131941	720.5
1582.642228	715.0
1583.15246	719.5
1583.662638	721.5
1584.172762	721.25
1584.682832	715.5
1585.192847	719.5
1585.702809	722.5
1586.212716	721.25
1586.722569	718.75
1587.232368	720.0
1587.742113	717.75
1588.251803	718.0
1588.76144	719.75
1589.271022	714.75
1589.78055	717.0
1590.290024	716.25
1590.799444	725.5
1591.30881	715.75
1591.818121	717.75
1592.327379	723.25
