1042.414189	716.2000122
1042.980685	708.5999756
1043.547124	711.4000244
1044.113505	709.2000122
1044.679828	714.7999878
1045.246093	712.0
1045.8123	713.0
1046.378449	709.2000122
1046.94454	708.5999756
1047.510573	705.0
1048.076548	708.7999878
1048.642465	704.7999878
1049.208325	706.5999756
1049.774126	706.4000244
1050.339869	702.5999756
1050.905555	709.0
1051.471183	704.5999756
1052.036752	704.4000244
1052.602264	706.2000122
1053.167718	710.0
1053.733114	705.7999878
1054.298452	701.5999756
1054.863733	705.7999878
1055.428955	702.4000244
1055.994119	702.4000244
1056.559226	702.5999756
1057.124275	701.5999756
1057.689266	703.4000244
1058.254199	704.4000244
1058.819074	705.4000244
1059.383891	702.4000244
1059.94865	705.0
1060.513352	702.4000244
1061.077996	703.0
1061.642582	702.0
1062.20711	705.0
1062.77158	701.0
1063.335992	702.5999756
1063.900347	706.4000244
1064.464643	698.5999756
1065.028882	703.2000122
1065.593063	705.0
1066.157187	708.2000122
1066.721252	703.2000122
1067.28526	698.2000122
1067.84921	703.4000244
1068.413102	701.4000244
1068.976936	701.5999756
1069.540713	702.5999756
1070.104431	707.7999878
1070.668092	704.7999878
1071.231696	700.4000244
1071.795241	703.5999756
1072.358729	704.5999756
1072.922159	704.2000122
1073.485531	705.5999756
1074.048845	703.2000122
1074.612102	700.2000122
1075.175301	706.4000244
1075.738442	704.0
1076.301525	703.5999756
1076.864551	702.7999878
1077.427519	705.2000122
1077.990429	705.4000244
1078.553281	703.7999878
1079.116076	704.5999756
1079.678813	704.0
1080.241492	706.7999878
1080.804114	707.4000244
1081.366678	708.5999756
1081.929184	708.2000122
1082.491633	709.4000244
1083.054024	710.5999756
1083.616357	711.0
1084.178632	709.0
1084.74085	710.5999756
1085.30301	711.7999878
1085.865113	707.5999756
1086.427158	708.0
1086.989145	714.4000244
1087.551074	715.0
1088.112946	713.4000244
1088.67476	713.5999756
1089.236517	714.0
1089.798216	719.2000122
1090.359857	717.4000244
1090.92144	719.4000244
1091.482966	717.5999756
1092.044435	718.2000122
1092.605845	722.5999756
1093.167199	717.5999756
1093.728494	722.7999878
1094.289732	718.2000122
1094.850912	718.2000122
1095.412035	725.7999878
1095.9731	715.4000244
1096.534107	715.5999756
1097.095057	716.2000122
1097.65595	710.0
1098.216784	711.4000244
1098.777561	714.7999878
1099.338281	713.5999756
1099.898943	708.5999756
1100.459547	708.5999756
1101.020094	706.7999878
1101.580584	706.4000244
1102.141015	706.0
1102.701389	708.2000122
1103.261706	703.7999878
1103.821965	704.5999756
1104.382167	704.2000122
1104.942311	706.0
1105.502397	705.2000122
1106.062426	703.7999878
1106.622398	702.2000122
1107.182312	700.7999878
1107.742168	702.2000122
1108.301967	697.5999756
1108.861708	699.0
1109.421392	704.5999756
1109.981019	705.0
1110.540587	699.7999878
1111.100099	699.7999878
1111.659553	701.0
1112.218949	703.4000244
1112.778288	701.0
1113.33757	700.4000244
1113.896794	699.4000244
1114.45596	701.2000122
1115.015069	702.5999756
1115.574121	699.4000244
1116.133115	703.0
1116.692052	700.5999756
1117.250931	702.0
1117.809753	699.4000244
1118.368517	704.0
1118.927224	697.4000244
1119.485873	700.7999878
1120.044465	701.5999756
1120.603	701.2000122
1121.161477	700.5999756
1121.719897	700.2000122
1122.278259	701.0
1122.836564	702.5999756
1123.394812	699.7999878
1123.953002	699.4000244
1124.511135	696.2000122
1125.06921	702.7999878
1125.627228	701.2000122
1126.185189	701.4000244
1126.743092	702.5999756
1127.300938	697.4000244
1127.858726	701.2000122
1128.416457	701.4000244
1128.974131	702.0
1129.531748	697.2000122
1130.089307	701.2000122
1130.646808	702.0
1131.204252	703.7999878
1131.761639	701.5999756
1132.318969	700.2000122
1132.876241	704.5999756
1133.433456	700.7999878
1133.990614	703.2000122
1134.547714	702.2000122
1135.104757	701.0
1135.661743	699.7999878
1136.218671	701.2000122
1136.775542	700.5999756
1137.332356	699.2000122
1137.889112	701.0
1138.445811	698.4000244
1139.002453	704.2000122
1139.559037	697.5999756
1140.115565	700.5999756
1140.672035	701.4000244
1141.228447	698.7999878
1141.784803	701.5999756
1142.341101	701.5999756
1142.897342	701.7999878
1143.453525	701.7999878
1144.009651	697.7999878
1144.565721	699.7999878
1145.121732	703.5999756
1145.677687	703.4000244
1146.233584	703.7999878
1146.789424	704.7999878
1147.345207	701.7999878
1147.900933	701.7999878
1148.456601	701.5999756
1149.012212	700.4000244
1149.567766	698.7999878
1150.123263	702.2000122
1150.678702	698.5999756
1151.234085	699.2000122
1151.78941	702.7999878
1152.344678	698.4000244
1152.899888	703.0
1153.455042	700.5999756
1154.010138	698.5999756
1154.565177	703.0
1155.120159	703.0
1155.675084	699.0
1156.229951	699.7999878
1156.784762	705.7999878
1157.339515	702.7999878
1157.894211	698.5999756
1158.44885	702.2000122
1159.003432	702.5999756
1159.557956	701.0
1160.112424	699.7999878
1160.666834	702.2000122
1161.221187	698.4000244
1161.775483	701.4000244
1162.329722	704.5999756
1162.883904	698.5999756
1163.438029	703.5999756
1163.992096	705.0
1164.546107	698.0
1165.10006	704.4000244
1165.653956	701.2000122
1166.207795	699.4000244
1166.761577	703.2000122
1167.315302	702.0
1167.86897	701.5999756
1168.422581	703.2000122
1168.976134	703.2000122
1169.529631	702.0
1170.08307	698.0
1170.636453	704.7999878
1171.189778	701.7999878
1171.743046	701.4000244
1172.296257	703.5999756
1172.849412	700.7999878
1173.402509	707.0
1173.955549	699.2000122
1174.508532	702.7999878
1175.061458	700.2000122
1175.614327	699.2000122
1176.167138	705.5999756
1176.719893	698.4000244
1177.272591	702.4000244
1177.825232	702.2000122
1178.377816	707.4000244
1178.930342	698.4000244
1179.482812	699.2000122
1180.035225	706.5999756
1180.587581	700.7999878
1181.139879	698.7999878
1181.692121	703.5999756
1182.244306	703.2000122
1182.796434	704.4000244
1183.348504	700.4000244
1183.900518	704.0
1184.452475	703.0
1185.004375	701.7999878
1185.556218	700.5999756
1186.108004	698.0
1186.659733	698.4000244
1187.211405	700.7999878
1187.76302	705.2000122
1188.314578	702.5999756
1188.866079	704.7999878
1189.417523	705.2000122
1189.96891	700.7999878
1190.520241	701.4000244
1191.071514	700.5999756
1191.622731	701.7999878
1192.17389	701.7999878
1192.724993	706.5999756
1193.276039	716.2000122
1193.827027	701.2000122
1194.377959	699.5999756
1194.928834	700.7999878
1195.479653	700.5999756
1196.030414	702.2000122
1196.581118	703.2000122
1197.131766	699.5999756
1197.682356	699.2000122
1198.23289	700.7999878
1198.783367	706.0
1199.333786	700.2000122
1199.88415	701.7999878
1200.434456	700.2000122
1200.984705	700.4000244
1201.534898	705.7999878
1202.085033	701.5999756
1202.635112	700.5999756
1203.185134	706.4000244
1203.735099	704.7999878
1204.285007	703.5999756
1204.834859	701.5999756
1205.384653	703.2000122
1205.934391	702.7999878
1206.484072	697.5999756
1207.033696	701.7999878
1207.583263	701.5999756
1208.132774	701.2000122
1208.682228	706.4000244
1209.231624	705.5999756
1209.780965	702.2000122
1210.330248	703.2000122
1210.879474	705.7999878
1211.428644	697.2000122
1211.977757	703.2000122
1212.526813	697.5999756
1213.075813	702.2000122
1213.624755	699.5999756
1214.173641	706.0
1214.72247	706.5999756
1215.271242	703.4000244
1215.819958	702.2000122
1216.368617	701.2000122
1216.917219	700.4000244
1217.465764	702.4000244
1218.014253	702.2000122
1218.562685	703.0
1219.11106	696.7999878
1219.659378	701.2000122
1220.20764	699.7999878
1220.755845	704.2000122
1221.303993	705.5999756
1221.852085	702.7999878
1222.400119	703.2000122
1222.948097	703.0
1223.496019	705.2000122
1224.043883	701.4000244
1224.591691	701.4000244
1225.139443	703.2000122
1225.687137	704.4000244
1226.234775	700.7999878
1226.782357	703.2000122
1227.329881	701.7999878
1227.877349	702.0
1228.42476	703.4000244
1228.972115	703.2000122
1229.519413	700.7999878
1230.066654	704.4000244
1230.613839	701.0
1231.160967	704.7999878
1231.708038	702.2000122
1232.255053	705.5999756
1232.802011	704.7999878
1233.348912	699.7999878
1233.895757	706.7999878
1234.442545	704.2000122
1234.989277	699.4000244
1235.535951	702.4000244
1236.08257	702.7999878
1236.629131	704.7999878
1237.175636	704.2000122
1237.722085	700.4000244
1238.268477	703.0
1238.814812	704.2000122
1239.361091	702.5999756
1239.907313	702.0
1240.453478	701.4000244
1240.999587	706.4000244
1241.54564	707.0
1242.091636	705.2000122
1242.637575	702.7999878
1243.183457	704.2000122
1243.729284	698.7999878
1244.275053	699.0
1244.820766	704.4000244
1245.366423	702.5999756
1245.912022	703.5999756
1246.457566	703.5999756
1247.003053	705.2000122
1247.548483	702.4000244
1248.093857	705.5999756
1248.639174	703.4000244
1249.184435	700.5999756
1249.729639	709.0
1250.274787	707.4000244
1250.819878	706.2000122
1251.364912	705.7999878
1251.909891	697.4000244
1252.454812	704.2000122
1252.999677	705.0
1253.544486	704.5999756
1254.089238	702.5999756
1254.633934	703.4000244
1255.178573	704.5999756
1255.723156	700.4000244
1256.267682	705.7999878
1256.812152	701.5999756
1257.356565	702.2000122
1257.900922	708.2000122
1258.445223	708.2000122
1258.989467	711.4000244
1259.533654	710.2000122
1260.077785	715.5999756
1260.62186	710.4000244
1261.165878	712.0
1261.70984	712.5999756
1262.253745	713.7999878
1262.797594	721.4000244
1263.341386	714.4000244
1263.885123	718.0
1264.428802	716.7999878
1264.972425	712.5999756
1265.515992	711.4000244
1266.059503	705.2000122
1266.602957	706.4000244
1267.146354	710.4000244
1267.689696	706.5999756
1268.23298	707.4000244
1268.776209	709.7999878
1269.319381	710.4000244
1269.862497	706.7999878
1270.405556	707.2000122
1270.948559	709.2000122
1271.491506	710.5999756
1272.034396	712.5999756
1272.57723	710.5999756
1273.120007	709.4000244
1273.662728	711.4000244
1274.205393	707.7999878
1274.748002	709.0
1275.290554	712.0
1275.83305	710.7999878
1276.375489	710.0
1276.917872	711.0
1277.460199	712.5999756
1278.00247	709.2000122
1278.544684	714.0
1279.086842	716.2000122
1279.628943	723.7999878
1280.170989	728.0
1280.712978	740.5999756
1281.25491	768.0
1281.796787	827.4000244
1282.338607	918.0
1282.880371	971.7999878
1283.422078	916.2000122
1283.963729	822.0
1284.505324	766.5999756
1285.046863	742.2000122
1285.588345	733.7999878
1286.129772	721.4000244
1286.671142	718.0
1287.212455	715.4000244
1287.753713	715.0
1288.294914	720.7999878
1288.836059	709.4000244
1289.377147	705.5999756
1289.91818	711.7999878
1290.459156	709.0
1291.000076	709.0
1291.54094	710.2000122
1292.081747	706.2000122
1292.622499	705.7999878
1293.163194	712.2000122
1293.703833	708.5999756
1294.244415	705.4000244
1294.784942	709.7999878
1295.325412	710.2000122
1295.865826	704.7999878
1296.406184	712.0
1296.946486	711.0
1297.486731	708.7999878
1298.026921	702.5999756
1298.567054	709.0
1299.107131	705.7999878
1299.647152	706.2000122
1300.187116	705.2000122
1300.727025	713.4000244
1301.266877	704.2000122
1301.806673	709.0
1302.346413	709.2000122
1302.886097	700.7999878
1303.425725	707.5999756
1303.965297	709.2000122
1304.504812	704.4000244
1305.044272	702.5999756
1305.583675	707.4000244
1306.123022	703.0
1306.662313	703.0
1307.201548	702.7999878
1307.740727	703.5999756
1308.279849	707.0
1308.818916	705.7999878
1309.357926	708.0
1309.896881	700.7999878
1310.435779	704.0
1310.974621	701.5999756
1311.513407	706.0
1312.052137	706.5999756
1312.590811	705.0
1313.129429	701.5999756
1313.667991	705.7999878
1314.206497	706.2000122
1314.744946	705.4000244
1315.28334	705.4000244
1315.821678	703.7999878
1316.359959	703.0
1316.898184	702.0
1317.436354	703.4000244
1317.974467	706.2000122
1318.512525	704.7999878
1319.050526	705.0
1319.588471	703.2000122
1320.12636	706.5999756
1320.664194	704.7999878
1321.201971	704.4000244
1321.739692	706.2000122
1322.277357	706.5999756
1322.814967	704.2000122
1323.35252	704.7999878
1323.890017	708.2000122
1324.427458	705.0
1324.964843	701.5999756
1325.502173	706.4000244
1326.039446	705.4000244
1326.576663	705.7999878
1327.113824	704.4000244
1327.65093	700.7999878
1328.187979	707.4000244
1328.724972	704.2000122
1329.26191	708.2000122
1329.798791	701.0
1330.335617	707.7999878
1330.872386	703.4000244
1331.4091	705.4000244
1331.945758	707.0
1332.48236	705.7999878
1333.018905	703.4000244
1333.555395	706.7999878
1334.091829	708.7999878
1334.628207	706.2000122
1335.164529	702.7999878
1335.700796	708.4000244
1336.237006	702.4000244
1336.77316	707.0
1337.309259	707.2000122
1337.845301	703.0
1338.381288	704.7999878
1338.917219	704.7999878
1339.453094	704.7999878
1339.988913	706.2000122
1340.524676	698.5999756
1341.060383	705.2000122
1341.596034	705.5999756
1342.13163	707.0
1342.66717	704.7999878
1343.202653	705.2000122
1343.738081	701.7999878
1344.273453	706.0
1344.80877	707.4000244
1345.34403	708.7999878
1345.879235	700.4000244
1346.414383	708.5999756
1346.949476	703.7999878
1347.484513	702.5999756
1348.019494	704.0
1348.55442	706.2000122
1349.089289	703.2000122
1349.624103	706.7999878
1350.158861	707.0
1350.693563	704.7999878
1351.228209	708.2000122
1351.7628	704.7999878
1352.297334	700.2000122
1352.831813	704.7999878
1353.366236	704.0
1353.900604	705.0
1354.434915	705.0
1354.969171	707.2000122
1355.503371	703.7999878
1356.037515	710.4000244
1356.571604	707.7999878
1357.105636	702.4000244
1357.639613	705.4000244
1358.173535	706.0
1358.7074	702.7999878
1359.24121	706.2000122
1359.774964	705.0
1360.308662	705.4000244
1360.842304	702.4000244
1361.375891	706.7999878
1361.909422	707.2000122
1362.442897	703.2000122
1362.976317	706.2000122
1363.50968	704.7999878
1364.042989	706.7999878
1364.576241	709.0
1365.109438	704.4000244
1365.642579	703.5999756
1366.175664	706.0
1366.708693	707.4000244
1367.241667	706.0
1367.774585	705.5999756
1368.307448	708.7999878
1368.840255	711.0
1369.373006	715.5999756
1369.905701	721.0
1370.438341	713.5999756
1370.970925	707.4000244
1371.503454	710.2000122
1372.035926	708.4000244
1372.568344	704.7999878
1373.100705	704.4000244
1373.633011	708.5999756
1374.165261	707.2000122
1374.697456	707.0
1375.229595	706.0
1375.761678	711.2000122
1376.293705	710.5999756
1376.825677	711.0
1377.357594	708.4000244
1377.889455	705.7999878
1378.42126	709.5999756
1378.953009	710.2000122
1379.484703	715.7999878
1380.016342	710.4000244
1380.547924	710.7999878
1381.079452	716.4000244
1381.610923	717.4000244
1382.142339	719.4000244
1382.673699	719.7999878
1383.205004	723.2000122
1383.736253	723.2000122
1384.267447	732.7999878
1384.798585	740.5999756
1385.329668	762.7999878
1385.860695	811.5999756
1386.391666	907.4000244
1386.922582	1114.400024
1387.453442	1242.599976
1387.984247	1088.400024
1388.514996	878.7999878
1389.04569	795.5999756
1389.576328	761.5999756
1390.10691	739.4000244
1390.637437	727.2000122
1391.167909	728.0
1391.698325	720.7999878
1392.228685	722.5999756
1392.75899	717.0
1393.28924	713.0
1393.819434	713.4000244
1394.349572	710.0
1394.879655	711.2000122
1395.409683	708.2000122
1395.939655	712.2000122
1396.469571	709.5999756
1396.999432	713.0
1397.529237	706.7999878
1398.058987	711.0
1398.588682	708.2000122
1399.118321	711.5999756
1399.647905	708.5999756
1400.177433	707.0
1400.706906	711.7999878
1401.236323	714.2000122
1401.765685	709.7999878
1402.294991	707.7999878
1402.824242	713.2000122
1403.353437	706.7999878
1403.882577	710.0
1404.411662	709.7999878
1404.940691	711.7999878
1405.469665	720.5999756
1405.998583	712.5999756
1406.527446	712.7999878
1407.056253	719.5999756
1407.585005	720.7999878
1408.113702	727.4000244
1408.642343	729.0
1409.170929	727.2000122
1409.69946	726.7999878
1410.227935	723.4000244
1410.756354	712.0
1411.284719	712.2000122
1411.813028	710.4000244
1412.341281	706.5999756
1412.869479	711.2000122
1413.397622	707.4000244
1413.92571	706.0
1414.453742	709.2000122
1414.981718	706.5999756
1415.50964	720.7999878
1416.037506	706.4000244
1416.565316	708.4000244
1417.093072	705.7999878
1417.620772	704.7999878
1418.148416	702.2000122
1418.676005	705.4000244
1419.203539	705.2000122
1419.731018	707.7999878
1420.258441	705.4000244
1420.785809	706.5999756
1421.313122	705.7999878
1421.840379	704.0
1422.367582	704.7999878
1422.894728	706.4000244
1423.42182	707.4000244
1423.948856	704.2000122
1424.475837	701.2000122
1425.002762	705.7999878
1425.529633	706.2000122
1426.056448	707.2000122
1426.583207	707.7999878
1427.109912	706.4000244
1427.636561	703.4000244
1428.163155	704.5999756
1428.689694	701.5999756
1429.216177	700.5999756
1429.742605	706.2000122
1430.268978	705.0
1430.795296	703.2000122
1431.321558	702.7999878
1431.847765	705.7999878
1432.373917	701.4000244
1432.900014	703.2000122
1433.426056	706.4000244
1433.952042	706.5999756
1434.477973	704.4000244
1435.003849	706.0
1435.529669	706.5999756
1436.055435	698.7999878
1436.581145	703.0
1437.1068	702.5999756
1437.632399	703.4000244
1438.157944	705.5999756
1438.683433	702.5999756
1439.208868	703.4000244
1439.734247	700.2000122
1440.25957	709.4000244
1440.784839	704.0
1441.310053	703.2000122
1441.835211	705.0
1442.360314	704.0
1442.885362	704.7999878
1443.410355	704.4000244
1443.935292	703.5999756
1444.460175	707.4000244
1444.985002	706.5999756
1445.509774	702.4000244
1446.034491	706.0
1446.559153	706.5999756
1447.08376	703.5999756
1447.608312	704.7999878
1448.132808	701.7999878
1448.65725	705.5999756
1449.181636	702.0
1449.705967	703.5999756
1450.230243	705.4000244
1450.754464	706.5999756
1451.27863	705.2000122
1451.802741	702.4000244
1452.326797	704.0
1452.850797	701.5999756
1453.374743	702.0
1453.898633	704.0
1454.422468	702.2000122
1454.946249	702.4000244
1455.469974	701.2000122
1455.993644	703.7999878
1456.517259	701.2000122
1457.040819	704.2000122
1457.564324	703.7999878
1458.087773	700.5999756
1458.611168	699.7999878
1459.134508	701.5999756
1459.657793	700.7999878
1460.181022	703.7999878
1460.704197	706.7999878
1461.227316	702.7999878
1461.750381	708.5999756
1462.27339	709.5999756
1463.842089	713.2000122
1464.364878	699.7999878
1464.887613	698.5999756
1465.410292	702.5999756
1465.932916	705.4000244
1466.455486	700.5999756
1466.978	704.5999756
1467.50046	704.5999756
1468.022864	707.2000122
1468.545214	702.7999878
1469.067508	706.0
1469.589748	703.4000244
1470.111932	706.0
1470.634062	701.0
1471.156136	699.2000122
1471.678156	704.2000122
1472.20012	703.2000122
1472.72203	702.5999756
1473.243885	702.0
1473.765685	702.7999878
1474.28743	702.5999756
1474.80912	702.7999878
1475.330755	707.5999756
1475.852335	704.2000122
1476.37386	704.0
1476.89533	699.0
1477.416745	705.2000122
1477.938106	704.5999756
1478.459411	704.2000122
1478.980662	708.2000122
1479.501857	704.5999756
1480.022998	707.0
1480.544084	704.7999878
1481.065115	700.5999756
1481.586091	701.2000122
1482.107012	706.7999878
1482.627878	707.2000122
1483.14869	700.0
1483.669446	701.7999878
1484.190148	705.5999756
1484.710794	698.2000122
1485.231386	701.2000122
1485.751923	702.4000244
1486.272406	700.2000122
1486.792833	704.0
1487.313205	702.2000122
1487.833523	701.0
1488.353786	699.7999878
1488.873994	702.4000244
1489.394147	700.5999756
1489.914245	704.4000244
1490.434288	701.2000122
1490.954277	704.2000122
1491.474211	704.5999756
1491.99409	702.5999756
1492.513914	705.4000244
1493.033683	702.7999878
1493.553398	702.5999756
1494.073057	700.5999756
1494.592662	701.0
1495.112212	703.2000122
1495.631708	701.5999756
1496.151148	704.4000244
1496.670534	702.4000244
1497.189865	701.2000122
1497.709141	697.2000122
1498.228362	701.5999756
1498.747529	706.0
1499.266641	699.0
1499.785698	709.5999756
1500.3047	700.7999878
1500.823648	703.7999878
1501.34254	702.2000122
1501.861379	700.5999756
1502.380162	700.4000244
1502.89889	703.7999878
1503.417564	703.5999756
1503.936183	704.7999878
1504.454748	703.2000122
1504.973257	702.4000244
1505.491712	701.5999756
1506.010112	704.4000244
1506.528458	705.2000122
1507.046748	705.0
1507.564984	701.7999878
1508.083166	697.5999756
1508.601292	700.0
1509.119364	701.4000244
1509.637381	702.0
1510.155344	702.0
1510.673252	707.4000244
1511.191105	699.4000244
1511.708903	702.2000122
1512.226647	702.4000244
1512.744336	703.2000122
1513.261971	701.2000122
1513.77955	706.2000122
1514.297076	699.4000244
1514.814546	699.4000244
1515.331962	703.5999756
1515.849323	708.2000122
1516.366629	701.0
1516.883881	697.4000244
1517.401078	702.5999756
1517.918221	699.7999878
1518.435309	701.7999878
1518.952342	699.5999756
1519.469321	702.4000244
1519.986245	706.0
1520.503114	702.0
1521.019929	702.4000244
1521.536689	702.5999756
1522.053395	702.5999756
1522.570046	704.2000122
1523.086642	702.2000122
1523.603184	703.7999878
1524.119671	701.4000244
1524.636103	702.4000244
1525.152481	702.2000122
1526.701288	717.4000244
1527.217447	704.5999756
1527.733552	702.5999756
1528.249603	706.7999878
1528.765599	704.5999756
1529.28154	703.7999878
1529.797427	703.7999878
1530.313259	702.5999756
1530.829037	702.7999878
1531.34476	706.2000122
1531.860429	703.7999878
1532.376043	701.5999756
1532.891602	700.7999878
1533.407107	701.4000244
1533.922558	702.0
1534.437954	704.4000244
1534.953295	703.4000244
1535.468582	702.4000244
1535.983815	700.0
1536.498993	701.5999756
1537.014116	701.7999878
1537.529185	704.2000122
1538.044199	703.7999878
1538.559159	705.4000244
1539.074064	701.4000244
1539.588915	703.0
1540.103712	703.4000244
1540.618454	704.4000244
1541.133141	703.7999878
1541.647774	704.2000122
1542.162353	704.5999756
1542.676877	703.0
1543.191346	702.7999878
1543.705761	705.4000244
1544.220122	700.7999878
1544.734428	703.2000122
1545.24868	702.4000244
1545.762877	702.2000122
1546.27702	704.2000122
1546.791109	704.2000122
1547.305143	705.7999878
1547.819122	703.4000244
1548.333047	702.7999878
1548.846918	706.5999756
1549.360734	707.0
1549.874496	706.5999756
1550.388204	704.7999878
1550.901857	705.5999756
1551.415455	700.7999878
1551.929	706.0
1552.442489	704.5999756
1552.955925	702.5999756
1553.469306	706.4000244
1553.982632	705.4000244
1554.495905	707.0
1555.009123	705.4000244
1555.522286	708.2000122
1556.035395	701.2000122
1556.54845	705.7999878
1557.06145	706.0
1557.574396	704.5999756
1558.087288	707.4000244
1558.600125	708.2000122
1559.112908	705.4000244
1559.625637	707.0
1560.138311	702.4000244
1560.650931	706.4000244
1561.163497	709.4000244
1561.676008	705.7999878
1562.188465	707.4000244
1562.700867	705.2000122
1563.213216	706.2000122
1563.725509	708.5999756
1564.237749	711.4000244
1564.749934	711.7999878
1565.262065	709.5999756
1565.774142	711.0
1566.286164	710.4000244
1566.798132	709.5999756
1567.310046	713.7999878
1567.821906	710.2000122
1568.333711	707.4000244
1568.845462	710.7999878
1569.357158	708.2000122
1569.868801	702.5999756
1570.380389	702.4000244
1570.891922	704.5999756
1571.403402	706.7999878
1571.914827	704.0
1572.426198	700.7999878
1572.937515	702.4000244
1573.448777	704.7999878
1573.959985	702.4000244
1574.471139	705.2000122
1574.982239	702.4000244
1575.493285	703.0
1576.004276	703.5999756
1576.515213	699.7999878
1577.026096	705.4000244
1577.536924	709.4000244
1578.047698	704.0
1578.558419	708.4000244
1579.069084	706.4000244
1579.579696	704.2000122
1580.090254	704.5999756
1580.600757	704.0
1581.111206	705.5999756
1581.621601	702.5999756
1582.131941	707.5999756
1582.642228	703.4000244
1583.15246	704.0
1583.662638	705.4000244
1584.172762	702.7999878
1584.682832	702.4000244
1585.192847	704.0
1585.702809	705.0
1586.212716	702.7999878
1586.722569	706.4000244
1587.232368	704.2000122
1587.742113	704.5999756
1588.251803	703.2000122
1588.76144	703.5999756
1589.271022	703.5999756
1589.78055	702.4000244
1590.290024	703.2000122
1590.799444	702.2000122
1591.30881	706.2000122
1591.818121	705.2000122
1592.327379	699.4000244
