1042.452273	698.0
1043.018714	696.0
1043.585098	691.7999878
1044.151424	694.7999878
1044.717692	690.4000244
1045.283903	693.2000122
1045.850056	690.5999756
1046.416151	694.4000244
1046.982188	688.5999756
1047.548167	693.0
1048.114089	691.4000244
1048.679953	686.2000122
1049.24576	690.2000122
1049.811509	689.2000122
1050.3772	684.2000122
1050.942833	685.7999878
1051.508408	688.2000122
1052.073926	686.0
1052.639387	687.5999756
1053.204789	689.0
1053.770134	684.2000122
1054.900651	695.7999878
1055.465823	685.0
1056.030937	683.5999756
1056.595993	684.4000244
1057.160992	682.0
1057.725934	683.4000244
1058.290817	686.0
1058.855643	687.2000122
1059.420411	685.2000122
1059.985122	684.0
1060.549775	681.4000244
1061.114371	680.7999878
1061.678908	680.7999878
1062.243389	683.5999756
1062.807811	682.0
1063.372176	681.4000244
1063.936483	682.0
1064.500733	682.0
1065.064925	678.2000122
1065.62906	682.4000244
1066.193137	683.0
1066.757156	682.0
1067.321118	680.4000244
1067.885022	681.4000244
1068.448869	680.5999756
1069.012658	681.0
1069.57639	683.2000122
1070.140063	686.7999878
1070.70368	683.0
1071.267239	679.5999756
1071.83074	682.2000122
1072.394184	681.5999756
1072.95757	681.7999878
1073.520899	680.4000244
1074.08417	680.4000244
1074.647383	680.5999756
1075.21054	680.5999756
1075.773638	676.5999756
1076.336679	681.5999756
1076.899663	680.7999878
1077.462589	683.0
1078.025457	681.4000244
1078.588268	679.7999878
1079.151022	685.0
1079.713718	677.2000122
1080.276356	681.5999756
1080.838937	681.7999878
1081.401461	678.0
1081.963927	679.7999878
1082.526336	679.5999756
1083.088687	682.2000122
1083.650981	681.5999756
1084.213217	678.4000244
1084.775396	682.2000122
1085.337517	682.7999878
1085.899581	679.5999756
1086.461587	682.7999878
1087.023536	681.7999878
1087.585428	683.4000244
1088.147262	681.4000244
1088.709039	678.0
1089.270758	680.2000122
1089.83242	678.2000122
1090.394024	683.7999878
1090.955571	676.7999878
1091.517061	678.2000122
1092.078493	680.2000122
1092.639868	678.0
1093.201185	676.0
1093.762445	683.7999878
1094.323648	677.7999878
1094.884793	681.2000122
1095.445881	676.5999756
1096.006911	677.7999878
1096.567884	678.0
1097.1288	685.2000122
1097.689659	679.4000244
1098.25046	680.0
1098.811203	677.0
1099.37189	675.0
1099.932518	680.0
1100.49309	679.0
1101.053604	679.7999878
1101.614061	679.7999878
1102.174461	677.5999756
1102.734803	681.7999878
1103.295088	680.5999756
1103.855316	679.5999756
1104.415486	680.7999878
1104.975599	678.0
1105.535655	681.7999878
1106.095653	682.7999878
1106.655594	680.2000122
1107.215478	680.7999878
1107.775305	680.2000122
1108.335074	679.4000244
1108.894786	679.4000244
1109.45444	682.2000122
1110.014038	677.5999756
1110.573578	679.2000122
1111.133061	680.7999878
1111.692486	679.5999756
1112.251854	680.4000244
1112.811165	679.4000244
1113.370419	680.7999878
1113.929616	681.4000244
1114.488755	679.7999878
1115.047837	678.4000244
1115.606862	679.0
1116.16583	677.4000244
1116.72474	679.2000122
1117.283593	681.4000244
1117.842389	679.5999756
1118.401128	677.4000244
1118.959809	678.0
1119.518433	677.2000122
1120.077	676.7999878
1120.63551	678.4000244
1121.193963	677.2000122
1121.752358	682.0
1122.310697	679.7999878
1122.868978	680.2000122
1123.427202	680.0
1123.985368	679.4000244
1124.543478	679.4000244
1125.10153	680.4000244
1125.659526	680.2000122
1126.217464	677.5999756
1126.775345	679.4000244
1127.333168	683.0
1127.890935	680.0
1128.448644	680.5999756
1129.006297	676.5999756
1129.563892	678.7999878
1130.12143	679.5999756
1130.678911	675.5999756
1131.236335	679.0
1131.793701	680.5999756
1132.351011	676.7999878
1132.908263	678.2000122
1133.465458	681.0
1134.022597	677.5999756
1134.579678	678.0
1135.136702	681.0
1135.693669	681.0
1136.250578	682.4000244
1136.807431	679.0
1137.364227	680.7999878
1137.920965	681.4000244
1138.477647	676.7999878
1139.034271	679.5999756
1139.590839	680.0
1140.147349	680.5999756
1140.703802	677.2000122
1141.260198	681.4000244
1141.816537	683.7999878
1142.37282	683.2000122
1142.929045	684.2000122
1143.485213	694.4000244
1144.041323	691.4000244
1144.597377	687.2000122
1145.153374	683.4000244
1145.709314	679.5999756
1146.265197	682.0
1146.821023	691.4000244
1147.376792	702.7999878
1147.932503	708.2000122
1148.488158	691.4000244
1149.043756	693.7999878
1149.599297	701.2000122
1150.154781	739.5999756
1150.710207	876.0
1151.265577	880.4000244
1151.82089	734.5999756
1152.376146	698.2000122
1152.931345	684.2000122
1153.486487	682.5999756
1154.041572	684.5999756
1154.5966	681.2000122
1155.151571	681.4000244
1155.706485	678.2000122
1156.261342	681.2000122
1156.816142	677.4000244
1157.370885	679.7999878
1157.925572	682.5999756
1158.480201	682.2000122
1159.034774	681.4000244
1159.589289	679.0
1160.143748	677.0
1160.698149	682.0
1161.252494	678.0
1161.806782	678.7999878
1162.361013	681.2000122
1162.915187	678.4000244
1163.469304	680.5999756
1164.023364	683.0
1164.577368	683.7999878
1165.131314	678.5999756
1165.685204	680.2000122
1166.239036	679.2000122
1166.792812	678.7999878
1167.346531	680.5999756
1167.900193	677.0
1168.453798	680.2000122
1169.007347	680.0
1169.560838	679.5999756
1170.114273	679.2000122
1170.66765	681.2000122
1171.220971	678.7999878
1171.774235	680.5999756
1172.327443	680.4000244
1172.880593	678.2000122
1173.433687	678.2000122
1173.986723	680.4000244
1174.539703	678.5999756
1175.092626	680.5999756
1175.645493	678.0
1176.198302	681.2000122
1176.751055	679.4000244
1177.303751	677.7999878
1177.85639	678.0
1178.408972	677.0
1178.961498	679.0
1179.513966	676.2000122
1180.066378	679.2000122
1180.618733	681.5999756
1181.171032	680.2000122
1181.723273	681.4000244
1182.275458	678.4000244
1182.827586	678.5999756
1183.379657	679.2000122
1183.931672	679.7999878
1184.48363	678.4000244
1185.035531	676.7999878
1185.587375	680.7999878
1186.139162	678.4000244
1186.690893	678.5999756
1187.242567	678.4000244
1187.794184	675.5999756
1188.345745	681.5999756
1188.897249	675.4000244
1189.448696	677.2000122
1190.000086	678.7999878
1190.55142	676.5999756
1191.102697	680.0
1191.653918	677.5999756
1192.205081	674.7999878
1192.756188	679.5999756
1193.307238	699.2000122
1193.858232	679.4000244
1194.409169	674.0
1194.960049	678.5999756
1195.510872	681.2000122
1196.061639	677.7999878
1196.612349	676.4000244
1197.163003	679.4000244
1197.713599	674.5999756
1198.264139	676.7999878
1198.814623	677.7999878
1199.36505	680.4000244
1199.91542	678.2000122
1200.465734	678.7999878
1201.01599	675.7999878
1201.566191	680.4000244
1202.116334	679.2000122
1202.666421	679.7999878
1203.216452	680.0
1203.766425	677.2000122
1204.316343	678.4000244
1204.866203	678.2000122
1205.416007	680.5999756
1205.965754	677.7999878
1206.515445	675.0
1207.065079	676.2000122
1207.614657	679.2000122
1208.164177	678.5999756
1208.713642	679.0
1209.26305	679.4000244
1209.812401	678.4000244
1210.361695	675.7999878
1210.910933	678.0
1211.460115	678.0
1212.00924	678.4000244
1212.558308	680.7999878
1213.10732	680.0
1213.656275	676.0
1214.205174	678.7999878
1214.754016	677.4000244
1215.302801	679.4000244
1215.85153	677.0
1216.400203	681.2000122
1216.948819	678.4000244
1217.497378	677.0
1218.045881	676.5999756
1218.594327	677.2000122
1219.142717	675.2000122
1219.691051	676.4000244
1220.239327	678.4000244
1220.787548	680.5999756
1221.335712	682.5999756
1221.883819	680.4000244
1222.43187	677.5999756
1222.979864	681.4000244
1223.527802	677.5999756
1224.075683	680.0
1224.623508	675.7999878
1225.171277	679.0
1225.718989	676.7999878
1226.266644	677.7999878
1226.814243	676.5999756
1227.361786	676.5999756
1227.909272	678.2000122
1228.456702	682.2000122
1229.004075	676.2000122
1229.551392	680.0
1230.098652	679.5999756
1230.645856	676.0
1231.193003	680.5999756
1231.740094	680.4000244
1232.287129	677.7999878
1232.834107	677.5999756
1233.381029	678.5999756
1233.927894	680.0
1234.474703	681.7999878
1235.021455	679.5999756
1235.568151	679.7999878
1236.114791	682.2000122
1236.661374	679.0
1237.207901	680.5999756
1237.754372	681.2000122
1238.300786	677.7999878
1238.847144	675.5999756
1239.393445	681.4000244
1239.93969	677.7999878
1240.485879	679.0
1241.032011	679.5999756
1241.578087	677.0
1242.124106	679.2000122
1242.67007	678.0
1243.215976	677.2000122
1243.761827	678.5999756
1244.307621	684.2000122
1244.853359	680.7999878
1245.39904	680.4000244
1245.944665	679.7999878
1246.490234	679.5999756
1247.035746	679.7999878
1247.581203	678.5999756
1248.126602	679.4000244
1248.671946	680.4000244
1249.217233	680.5999756
1249.762464	678.5999756
1250.307638	683.4000244
1250.852757	683.2000122
1251.397819	682.2000122
1251.942824	680.0
1252.487774	679.2000122
1253.032667	680.0
1253.577503	682.2000122
1254.122284	681.4000244
1254.667008	680.2000122
1255.211676	678.5999756
1255.756288	683.0
1256.300843	680.5999756
1256.845342	678.4000244
1257.389785	685.5999756
1257.934172	682.0
1258.478502	683.5999756
1259.022776	684.2000122
1259.566994	691.0
1260.111156	696.2000122
1260.655261	685.5999756
1261.199311	681.4000244
1261.743304	684.2000122
1262.28724	684.2000122
1262.831121	686.7999878
1263.374945	694.0
1263.918713	697.0
1264.462425	704.2000122
1265.006081	737.4000244
1265.54968	753.4000244
1266.093223	720.0
1266.636711	698.4000244
1267.180141	686.2000122
1267.723516	688.5999756
1268.266835	686.7999878
1268.810097	688.4000244
1269.353303	686.0
1269.896453	684.7999878
1270.439547	683.0
1270.982584	679.0
1271.525566	680.2000122
1272.068491	682.7999878
1272.61136	684.4000244
1273.154173	683.4000244
1273.69693	683.2000122
1274.239631	680.2000122
1274.782275	678.7999878
1275.324864	683.2000122
1275.867396	681.0
1276.409872	683.0
1276.952292	680.5999756
1277.494656	683.5999756
1278.036964	678.7999878
1278.579215	683.7999878
1279.121411	681.5999756
1279.66355	682.2000122
1280.205634	682.2000122
1280.747661	685.4000244
1281.289632	688.4000244
1281.831547	690.2000122
1282.373406	696.4000244
1282.915209	706.4000244
1283.456955	719.4000244
1283.998646	747.7999878
1284.540281	843.7999878
1285.081859	1182.199951
1285.623381	1728.400024
1286.164848	1325.800049
1286.706258	850.7999878
1287.247612	743.7999878
1287.788911	708.7999878
1288.330153	694.5999756
1288.871339	694.4000244
1289.412469	691.2000122
1289.953543	688.4000244
1290.494561	684.5999756
1291.035523	684.0
1291.576428	683.5999756
1292.117278	682.4000244
1292.658072	682.7999878
1293.19881	680.2000122
1293.739492	680.0
1294.280118	680.0
1294.820687	681.5999756
1295.361201	679.5999756
1295.901659	680.7999878
1296.442061	678.2000122
1296.982406	680.4000244
1297.522696	682.2000122
1298.06293	681.7999878
1298.603108	679.5999756
1299.143229	683.4000244
1299.683295	681.0
1300.223305	679.7999878
1300.763259	682.0
1301.303157	679.5999756
1301.842999	680.0
1302.382785	679.5999756
1302.922515	680.0
1303.462189	680.7999878
1304.001807	681.0
1304.541369	680.0
1305.080875	679.5999756
1305.620326	680.5999756
1306.15972	680.5999756
1306.699058	678.4000244
1307.238341	681.7999878
1307.777567	681.7999878
1308.316738	681.2000122
1308.855853	681.7999878
1309.394912	676.7999878
1309.933915	679.4000244
1310.472862	681.2000122
1311.011753	679.0
1311.550588	682.0
1312.089367	683.5999756
1312.62809	677.0
1313.166758	679.7999878
1313.70537	681.7999878
1314.243925	679.0
1314.782425	679.5999756
1315.320869	679.4000244
1315.859257	679.7999878
1316.397589	674.5999756
1316.935866	682.2000122
1317.474086	681.7999878
1318.012251	680.2000122
1318.55036	679.5999756
1319.088413	679.5999756
1319.62641	681.2000122
1320.164351	681.0
1320.702236	682.0
1321.240066	678.4000244
1321.777839	680.4000244
1322.315557	680.2000122
1322.853219	678.7999878
1323.390826	680.4000244
1323.928376	682.5999756
1324.465871	679.4000244
1325.003309	678.4000244
1325.540692	677.7999878
1326.07802	680.2000122
1326.615291	680.5999756
1327.152506	678.0
1327.689666	678.2000122
1328.22677	678.4000244
1328.763818	677.7999878
1329.300811	679.4000244
1329.837747	676.7999878
1330.374628	681.0
1330.911453	679.7999878
1331.448222	675.2000122
1331.984936	679.4000244
1332.521594	676.0
1333.058196	676.2000122
1333.594742	677.7999878
1334.131232	680.0
1334.667667	680.5999756
1335.204046	678.7999878
1335.740369	679.4000244
1336.276637	678.4000244
1336.812848	678.2000122
1337.349004	677.5999756
1337.885105	677.2000122
1338.421149	679.4000244
1338.957138	678.7999878
1339.493071	680.4000244
1340.028949	679.0
1340.56477	676.5999756
1341.100536	678.4000244
1341.636246	680.0
1342.171901	675.0
1342.7075	679.2000122
1343.243043	679.4000244
1343.77853	679.0
1344.313962	678.5999756
1344.849338	679.4000244
1345.384659	678.4000244
1345.919923	677.7999878
1346.455133	682.0
1346.990286	680.4000244
1347.525384	682.0
1348.060426	677.0
1348.595412	678.4000244
1349.130343	678.5999756
1349.665218	676.7999878
1350.200037	679.2000122
1350.734801	678.5999756
1351.269509	678.5999756
1351.804162	681.5999756
1352.338758	681.0
1352.8733	681.5999756
1353.407785	680.0
1353.942215	682.2000122
1354.476589	679.4000244
1355.010908	680.0
1355.545171	679.5999756
1356.079379	676.5999756
1356.61353	679.2000122
1357.147627	681.4000244
1357.681667	682.0
1358.215652	675.7999878
1358.749582	682.4000244
1359.283456	679.0
1359.817274	680.5999756
1360.351037	680.5999756
1360.884744	678.4000244
1361.418395	682.7999878
1361.951991	682.5999756
1362.485531	679.5999756
1363.019016	680.4000244
1363.552445	683.4000244
1364.085819	680.2000122
1364.619137	678.0
1365.1524	678.7999878
1365.685607	679.4000244
1366.218758	683.0
1366.751854	684.2000122
1367.284894	680.5999756
1367.817879	680.5999756
1368.350808	679.5999756
1368.883682	684.5999756
1369.4165	680.5999756
1369.949263	687.2000122
1370.48197	709.0
1371.014622	708.0
1371.547218	684.4000244
1372.079758	680.7999878
1372.612244	679.5999756
1373.144673	681.0
1373.677047	677.0
1374.209366	679.0
1374.741629	679.7999878
1375.273836	684.7999878
1375.805989	680.7999878
1376.338085	680.7999878
1376.870126	681.4000244
1377.402112	682.5999756
1377.934042	678.0
1378.465917	680.7999878
1378.997736	684.7999878
1379.5295	680.0
1380.061208	680.2000122
1380.592861	681.2000122
1381.124459	682.5999756
1381.656	680.2000122
1382.187487	685.7999878
1382.718918	684.5999756
1383.250294	685.0
1383.781614	690.2000122
1384.312879	688.4000244
1384.844088	693.5999756
1385.375242	696.2000122
1385.90634	701.2000122
1386.437383	713.7999878
1386.968371	732.0
1387.499303	778.7999878
1388.03018	949.7999878
1388.561001	1824.400024
1389.091767	2481.0
1389.622478	1320.400024
1390.153133	815.7999878
1390.683733	735.7999878
1391.214277	711.2000122
1391.744766	702.7999878
1392.2752	694.5999756
1392.805578	695.0
1393.335901	689.4000244
1393.866168	687.7999878
1394.396381	685.5999756
1394.926537	686.0
1395.456639	686.0
1395.986685	683.0
1396.516675	683.0
1397.046611	680.4000244
1397.576491	683.5999756
1398.106315	683.2000122
1398.636084	686.4000244
1399.165798	680.7999878
1399.695457	679.2000122
1400.22506	678.2000122
1400.754608	681.5999756
1401.284101	682.0
1401.813538	678.0
1402.34292	683.0
1402.872247	679.2000122
1403.401518	679.7999878
1403.930734	681.7999878
1404.459895	680.0
1404.989	682.5999756
1405.51805	680.2000122
1406.047045	682.0
1406.575984	684.0
1407.104869	682.4000244
1407.633697	686.7999878
1408.162471	689.2000122
1408.691189	698.7999878
1409.219852	709.4000244
1409.74846	754.7999878
1410.277013	810.2000122
1410.80551	775.5999756
1411.333952	713.0
1411.862339	691.5999756
1412.39067	688.0
1412.918946	684.5999756
1413.447167	681.4000244
1413.975333	682.5999756
1414.503444	681.4000244
1415.031499	679.7999878
1415.559499	689.2000122
1416.087444	679.0
1416.615333	679.2000122
1417.143167	679.0
1417.670947	678.5999756
1418.19867	681.2000122
1418.726339	680.4000244
1419.253952	679.4000244
1419.781511	679.5999756
1420.309014	678.2000122
1420.836461	674.4000244
1421.363854	678.7999878
1421.891191	676.2000122
1422.418474	680.0
1422.945701	678.2000122
1423.472872	676.5999756
1423.999989	677.2000122
1424.52705	681.2000122
1425.054057	678.5999756
1425.581008	679.7999878
1426.107904	677.5999756
1426.634745	682.5999756
1427.16153	678.7999878
1427.688261	677.2000122
1428.214936	679.4000244
1428.741556	676.2000122
1429.268121	677.2000122
1429.794631	677.2000122
1430.321085	677.2000122
1430.847485	676.5999756
1431.373829	678.4000244
1431.900118	678.5999756
1432.426353	675.7999878
1432.952532	676.4000244
1433.478655	678.5999756
1434.004724	675.5999756
1434.530738	676.2000122
1435.056696	672.0
1435.5826	678.0
1436.108448	679.0
1436.634241	676.0
1437.159979	673.4000244
1437.685662	676.2000122
1438.21129	672.2000122
1438.736863	673.7999878
1439.262381	673.2000122
1439.787843	675.7999878
1440.313251	675.2000122
1440.838603	677.5999756
1441.3639	676.4000244
1441.889143	673.0
1442.41433	676.2000122
1442.939462	673.2000122
1443.464539	678.4000244
1443.989561	673.2000122
1444.514528	675.7999878
1445.03944	673.2000122
1445.564297	678.2000122
1446.089099	676.2000122
1446.613846	674.4000244
1447.138537	674.2000122
1447.663174	673.7999878
1448.187756	673.5999756
1448.712282	672.4000244
1449.236754	678.2000122
1449.761171	676.2000122
1450.285532	676.7999878
1450.809839	677.4000244
1451.33409	676.5999756
1451.858287	674.4000244
1452.382428	674.2000122
1452.906515	673.4000244
1453.430546	676.2000122
1453.954523	673.4000244
1454.478444	671.2000122
1455.002311	674.0
1455.526123	673.0
1456.049879	673.0
1456.573581	672.4000244
1457.097227	672.2000122
1457.620819	673.2000122
1458.144356	676.5999756
1458.667837	674.4000244
1459.191264	674.5999756
1459.714636	674.7999878
1460.237952	676.0
1460.761214	673.7999878
1461.284421	673.2000122
1461.807573	671.7999878
1462.33067	674.7999878
1462.853712	675.5999756
1463.376699	676.0
1463.899632	670.7999878
1464.422509	673.0
1464.945331	671.5999756
1465.468099	674.5999756
1465.990811	671.5999756
1466.513469	671.5999756
1467.036071	669.4000244
1467.558619	674.0
1468.081112	674.4000244
1468.60355	670.7999878
1469.125933	674.4000244
1469.648261	671.2000122
1470.170534	674.7999878
1470.692752	671.4000244
1471.214916	673.2000122
1471.737024	673.0
1472.259078	671.0
1472.781077	672.5999756
1473.303021	675.0
1473.82491	672.7999878
1474.346744	675.7999878
1474.868523	674.0
1475.390248	672.2000122
1475.911917	673.7999878
1476.433532	671.2000122
1476.955092	674.0
1477.476597	673.7999878
1477.998047	671.5999756
1478.519442	672.2000122
1479.040783	669.5999756
1479.562068	671.4000244
1480.083299	670.7999878
1480.604475	671.4000244
1481.125596	673.4000244
1481.646663	668.7999878
1482.167674	671.7999878
1482.688631	675.7999878
1483.209533	674.5999756
1483.73038	675.2000122
1484.251172	672.4000244
1484.771909	672.2000122
1485.292592	671.7999878
1485.81322	673.5999756
1486.333793	671.4000244
1486.854311	670.2000122
1487.374775	673.5999756
1487.895183	672.0
1488.415537	668.2000122
1488.935836	672.4000244
1489.456081	674.4000244
1489.97627	671.7999878
1490.496405	672.7999878
1491.016485	670.7999878
1491.536511	674.0
1492.056481	671.5999756
1492.576397	671.0
1493.096258	674.7999878
1493.616064	675.4000244
1494.135816	671.5999756
1494.655513	672.2000122
1495.175155	672.0
1495.694742	669.2000122
1496.214274	669.4000244
1496.733752	670.4000244
1497.253175	673.4000244
1497.772544	668.5999756
1498.291858	674.5999756
1498.811116	669.4000244
1499.330321	672.4000244
1499.84947	676.5999756
1500.368565	668.5999756
1500.887605	672.2000122
1501.406591	673.5999756
1501.925521	673.0
1502.444397	670.5999756
1502.963219	670.2000122
1503.481985	672.4000244
1504.000697	671.7999878
1504.519355	671.2000122
1505.037957	671.5999756
1505.556505	675.0
1506.074999	672.7999878
1506.593437	668.5999756
1507.111821	672.5999756
1507.63015	672.0
1508.148425	669.4000244
1508.666645	671.4000244
1509.18481	676.7999878
1509.702921	672.4000244
1510.220977	673.5999756
1510.738979	679.4000244
1511.256925	671.7999878
1511.774817	672.4000244
1512.292655	675.2000122
1512.810438	673.7999878
1513.328166	672.4000244
1513.84584	670.2000122
1514.363459	672.4000244
1514.881023	668.0
1515.398533	669.7999878
1515.915988	671.4000244
1516.433389	672.0
1516.950734	672.7999878
1517.468026	670.4000244
1517.985263	670.4000244
1518.502445	671.0
1519.019572	673.7999878
1519.536645	667.4000244
1520.053664	671.0
1520.570628	672.2000122
1521.087537	671.7999878
1521.604392	672.7999878
1522.121192	671.5999756
1522.637937	673.0
1523.154628	673.7999878
1523.671265	673.4000244
1524.187847	670.0
1524.704374	673.4000244
1525.220847	670.4000244
1525.737265	668.5999756
1526.253629	671.2000122
1526.769938	672.5999756
1527.286192	672.4000244
1527.802392	673.4000244
1528.318538	672.5999756
1528.834629	668.5999756
1529.350666	670.4000244
1529.866648	671.4000244
1530.382575	669.5999756
1530.898448	671.7999878
1531.414266	670.2000122
1531.93003	671.2000122
1532.44574	669.7999878
1532.961395	668.7999878
1533.476995	670.7999878
1533.992541	672.7999878
1534.508033	669.4000244
1535.02347	670.0
1535.538852	672.4000244
1536.05418	669.4000244
1536.569454	669.5999756
1537.084673	670.4000244
1537.599837	671.5999756
1538.114947	669.5999756
1538.630003	670.4000244
1539.145004	671.7999878
1539.659951	669.0
1540.174843	673.5999756
1540.689681	670.5999756
1541.204465	671.0
1541.719194	670.0
1542.233868	672.4000244
1542.748488	672.5999756
1543.263054	675.0
1543.777565	669.5999756
1544.292022	669.5999756
1544.806424	668.5999756
1545.320772	672.7999878
1545.835066	670.7999878
1546.349305	669.0
1546.863489	669.5999756
1547.37762	670.2000122
1547.891696	668.4000244
1548.405717	671.2000122
1548.919684	669.5999756
1549.433597	670.5999756
1549.947455	666.7999878
1550.461259	670.0
1550.975009	672.0
1551.488704	668.2000122
1552.002345	669.7999878
1552.515931	671.2000122
1553.029463	671.4000244
1553.542941	669.5999756
1554.056364	668.2000122
1554.569733	675.4000244
1555.083048	671.7999878
1555.596308	668.2000122
1556.109514	670.0
1556.622665	666.7999878
1557.135762	672.2000122
1557.648805	671.7999878
1558.161794	675.4000244
1558.674728	673.0
1559.187608	669.7999878
1559.700433	669.5999756
1560.213205	671.4000244
1560.725921	670.0
1561.238584	670.7999878
1561.751192	669.2000122
1562.263746	675.0
1562.776246	671.5999756
1563.288691	669.0
1563.801082	670.4000244
1564.313419	671.2000122
1564.825701	668.5999756
1565.337929	670.7999878
1565.850103	670.2000122
1566.362223	673.4000244
1566.874288	673.2000122
1567.386299	669.4000244
1567.898256	672.0
1568.410158	669.2000122
1568.922007	670.5999756
1569.4338	674.2000122
1569.94554	672.2000122
1570.457226	670.7999878
1570.968857	672.7999878
1571.480434	670.2000122
1571.991956	671.4000244
1572.503425	670.2000122
1573.014839	671.4000244
1573.526199	672.4000244
1574.037505	669.7999878
1574.548756	671.4000244
1575.059953	671.4000244
1575.571096	669.0
1576.082185	667.7999878
1576.59322	668.0
1577.1042	670.5999756
1577.615126	666.2000122
1578.125998	669.0
1578.636816	670.4000244
1579.14758	671.5999756
1579.658289	672.7999878
1580.168944	671.0
1580.679545	670.7999878
1581.190092	672.5999756
1581.700585	671.5999756
1582.211023	670.0
1582.721407	669.4000244
1583.231737	671.4000244
1583.742013	671.7999878
1584.252235	671.7999878
1584.762403	671.4000244
1585.272516	672.0
1585.782575	671.5999756
1586.292581	672.5999756
1586.802532	672.2000122
1587.312428	669.2000122
1587.822271	670.4000244
1588.33206	670.5999756
1588.841794	672.2000122
1589.351474	665.5999756
1589.8611	670.5999756
1590.370672	670.0
1590.88019	671.0
1591.389654	670.7999878
1591.899064	668.2000122
1592.408419	671.7999878
