1042.414189	1177.0
1042.980685	1189.0
1043.547124	1177.75
1044.113505	1160.25
1044.679828	1177.5
1045.246093	1179.25
1045.8123	1184.25
1046.378449	1185.5
1046.94454	1177.0
1047.510573	1182.25
1048.076548	1174.5
1048.642465	1185.0
1049.208325	1177.25
1049.774126	1188.25
1050.339869	1174.25
1050.905555	1181.75
1051.471183	1178.75
1052.036752	1185.5
1052.602264	1173.5
1053.167718	1177.75
1053.733114	1167.0
1054.298452	1173.25
1054.863733	1183.0
1055.428955	1167.75
1055.994119	1174.25
1056.559226	1185.5
1057.124275	1173.75
1057.689266	1185.0
1058.254199	1172.25
1058.819074	1181.5
1059.383891	1165.25
1059.94865	1180.0
1060.513352	1170.0
1061.077996	1159.5
1061.642582	1164.5
1062.20711	1179.0
1062.77158	1176.5
1063.335992	1168.75
1063.900347	1158.0
1064.464643	1167.0
1065.028882	1193.0
1065.593063	1180.25
1066.157187	1183.0
1066.721252	1173.5
1067.28526	1182.25
1067.84921	1188.25
1068.413102	1191.5
1068.976936	1196.0
1069.540713	1195.0
1070.104431	1180.0
1070.668092	1179.75
1071.231696	1176.25
1071.795241	1171.75
1072.358729	1168.75
1072.922159	1166.25
1073.485531	1175.0
1074.048845	1191.5
1074.612102	1174.5
1075.175301	1188.0
1075.738442	1167.75
1076.301525	1177.0
1076.864551	1179.75
1077.427519	1184.75
1077.990429	1191.25
1078.553281	1175.5
1079.116076	1177.75
1079.678813	1166.75
1080.241492	1174.0
1080.804114	1176.75
1081.366678	1185.5
1081.929184	1174.0
1082.491633	1182.5
1083.054024	1174.25
1083.616357	1177.5
1084.178632	1178.25
1084.74085	1185.25
1085.30301	1156.75
1085.865113	1185.25
1086.427158	1171.5
1086.989145	1183.5
1087.551074	1180.5
1088.112946	1182.25
1088.67476	1176.0
1089.236517	1171.0
1089.798216	1183.75
1090.359857	1182.75
1090.92144	1173.0
1091.482966	1180.0
1092.044435	1168.5
1092.605845	1178.0
1093.167199	1170.75
1093.728494	1170.5
1094.289732	1178.5
1094.850912	1182.0
1095.412035	1180.0
1095.9731	1172.25
1096.534107	1164.0
1097.095057	1165.5
1097.65595	1181.75
1098.216784	1181.5
1098.777561	1195.75
1099.338281	1179.25
1099.898943	1169.75
1100.459547	1178.25
1101.020094	1192.25
1101.580584	1181.25
1102.141015	1173.0
1102.701389	1186.5
1103.261706	1174.25
1103.821965	1181.25
1104.382167	1176.75
1104.942311	1174.0
1105.502397	1162.75
1106.062426	1164.0
1106.622398	1173.75
1107.182312	1169.75
1107.742168	1181.5
1108.301967	1190.0
1108.861708	1189.5
1109.421392	1165.25
1109.981019	1173.75
1110.540587	1162.25
1111.100099	1179.75
1111.659553	1167.75
1112.218949	1181.75
1112.778288	1170.5
1113.33757	1183.75
1113.896794	1165.5
1114.45596	1181.25
1115.015069	1164.0
1115.574121	1177.75
1116.133115	1181.5
1116.692052	1164.75
1117.250931	1189.25
1117.809753	1180.5
1118.368517	1186.25
1118.927224	1185.25
1119.485873	1183.0
1120.044465	1177.5
1120.603	1164.5
1121.161477	1169.0
1121.719897	1166.0
1122.278259	1176.0
1122.836564	1182.25
1123.394812	1178.25
1123.953002	1182.0
1124.511135	1174.5
1125.06921	1173.75
1125.627228	1177.0
1126.185189	1184.25
1126.743092	1181.0
1127.300938	1190.75
1127.858726	1196.0
1128.416457	1189.25
1128.974131	1177.5
1129.531748	1193.25
1130.089307	1182.5
1130.646808	1181.5
1131.204252	1195.5
1131.761639	1181.5
1132.318969	1185.75
1132.876241	1185.5
1133.433456	1194.0
1133.990614	1190.75
1134.547714	1194.0
1135.104757	1180.25
1135.661743	1195.5
1136.218671	1197.0
1136.775542	1184.0
1137.332356	1182.0
1137.889112	1193.75
1138.445811	1199.25
1139.002453	1180.75
1139.559037	1189.25
1140.115565	1195.25
1140.672035	1196.75
1141.228447	1202.75
1141.784803	1204.75
1142.341101	1200.0
1142.897342	1198.25
1143.453525	1217.5
1144.009651	1211.75
1144.565721	1190.0
1145.121732	1199.5
1145.677687	1196.25
1146.233584	1200.25
1146.789424	1208.25
1147.345207	1213.25
1147.900933	1231.5
1148.456601	1227.75
1149.012212	1217.5
1149.567766	1225.0
1150.123263	1280.25
1150.678702	1381.0
1151.234085	1367.5
1151.78941	1251.75
1152.344678	1229.5
1152.899888	1207.0
1153.455042	1191.5
1154.010138	1206.25
1154.565177	1206.0
1155.120159	1208.25
1155.675084	1202.25
1156.229951	1206.0
1156.784762	1189.5
1157.339515	1213.75
1157.894211	1211.0
1158.44885	1204.75
1159.003432	1211.75
1159.557956	1203.0
1160.112424	1209.25
1160.666834	1203.5
1161.221187	1202.5
1161.775483	1223.0
1162.329722	1217.5
1162.883904	1200.0
1163.438029	1194.25
1163.992096	1206.75
1164.546107	1199.5
1165.10006	1219.5
1165.653956	1202.5
1166.207795	1208.25
1166.761577	1217.0
1167.315302	1214.75
1167.86897	1211.75
1168.422581	1216.5
1168.976134	1211.5
1169.529631	1206.75
1170.08307	1211.0
1170.636453	1210.0
1171.189778	1201.25
1171.743046	1205.0
1172.296257	1209.0
1172.849412	1206.75
1173.402509	1203.75
1173.955549	1206.75
1174.508532	1199.0
1175.061458	1213.5
1175.614327	1206.0
1176.167138	1207.0
1176.719893	1213.5
1177.272591	1216.0
1177.825232	1220.25
1178.377816	1212.5
1178.930342	1200.5
1179.482812	1204.75
1180.035225	1215.25
1180.587581	1201.75
1181.139879	1209.0
1181.692121	1207.0
1182.244306	1233.5
1182.796434	1190.5
1183.348504	1211.5
1183.900518	1209.25
1184.452475	1220.5
1185.004375	1208.5
1185.556218	1204.5
1186.108004	1203.25
1186.659733	1214.75
1187.211405	1203.0
1187.76302	1194.25
1188.314578	1213.0
1188.866079	1214.0
1189.417523	1223.75
1189.96891	1214.75
1190.520241	1206.75
1191.071514	1206.25
1191.622731	1208.5
1192.17389	1207.75
1192.724993	1216.75
1193.276039	1237.0
1193.827027	1218.25
1194.377959	1239.0
1194.928834	1209.0
1195.479653	1205.0
1196.030414	1221.75
1196.581118	1215.5
1197.131766	1227.5
1197.682356	1221.75
1198.23289	1205.75
1198.783367	1210.0
1199.333786	1216.25
1199.88415	1215.25
1200.434456	1212.25
1200.984705	1214.25
1201.534898	1212.25
1202.085033	1226.5
1202.635112	1227.5
1203.185134	1221.5
1203.735099	1208.75
1204.285007	1231.5
1204.834859	1219.0
1205.384653	1215.75
1205.934391	1231.5
1206.484072	1206.0
1207.033696	1203.25
1207.583263	1216.5
1208.132774	1226.75
1208.682228	1229.0
1209.231624	1225.0
1209.780965	1210.5
1210.330248	1221.75
1210.879474	1220.0
1211.428644	1220.75
1211.977757	1221.0
1212.526813	1214.25
1213.075813	1209.5
1213.624755	1221.0
1214.173641	1218.25
1214.72247	1218.5
1215.271242	1211.5
1215.819958	1216.25
1216.368617	1233.5
1216.917219	1219.0
1217.465764	1211.0
1218.014253	1218.0
1218.562685	1210.25
1219.11106	1216.25
1219.659378	1221.0
1220.20764	1217.25
1220.755845	1226.5
1221.303993	1241.0
1221.852085	1215.0
1222.400119	1224.25
1222.948097	1217.0
1223.496019	1218.0
1224.043883	1215.75
1224.591691	1216.5
1225.139443	1225.0
1225.687137	1236.5
1226.234775	1224.75
1226.782357	1227.75
1227.329881	1222.0
1227.877349	1212.25
1228.42476	1212.25
1228.972115	1227.5
1229.519413	1211.0
1230.066654	1223.75
1230.613839	1220.75
1231.160967	1217.75
1231.708038	1232.0
1232.255053	1231.0
1232.802011	1217.75
1233.348912	1226.5
1233.895757	1218.75
1234.442545	1228.75
1234.989277	1231.5
1235.535951	1210.5
1236.08257	1222.0
1236.629131	1223.75
1237.175636	1229.25
1237.722085	1233.75
1238.268477	1211.5
1238.814812	1221.25
1239.361091	1235.25
1239.907313	1229.75
1240.453478	1233.5
1240.999587	1228.0
1241.54564	1219.25
1242.091636	1220.75
1242.637575	1228.5
1243.183457	1215.25
1243.729284	1238.25
1244.275053	1225.0
1244.820766	1220.25
1245.366423	1224.0
1245.912022	1231.75
1246.457566	1211.25
1247.003053	1236.25
1247.548483	1219.75
1248.093857	1235.75
1248.639174	1215.25
1249.184435	1225.75
1249.729639	1238.25
1250.274787	1234.75
1250.819878	1228.0
1251.364912	1223.5
1251.909891	1221.0
1252.454812	1226.75
1252.999677	1232.5
1253.544486	1211.75
1254.089238	1227.75
1254.633934	1231.5
1255.178573	1238.0
1255.723156	1226.0
1256.267682	1222.0
1256.812152	1226.75
1257.356565	1230.75
1257.900922	1220.0
1258.445223	1238.5
1258.989467	1233.0
1259.533654	1229.0
1260.077785	1255.25
1260.62186	1231.0
1261.165878	1219.0
1261.70984	1229.5
1262.253745	1229.25
1262.797594	1227.75
1263.341386	1242.5
1263.885123	1244.0
1264.428802	1236.5
1264.972425	1230.0
1265.515992	1250.0
1266.059503	1239.5
1266.602957	1240.5
1267.146354	1219.75
1267.689696	1237.0
1268.23298	1236.25
1268.776209	1231.0
1269.319381	1224.75
1269.862497	1247.25
1270.405556	1237.5
1270.948559	1229.75
1271.491506	1240.75
1272.034396	1237.75
1272.57723	1230.0
1273.120007	1235.5
1273.662728	1226.0
1274.205393	1225.25
1274.748002	1232.25
1275.290554	1233.0
1275.83305	1221.5
1276.375489	1233.75
1276.917872	1239.75
1277.460199	1222.25
1278.00247	1232.5
1278.544684	1238.75
1279.086842	1233.75
1279.628943	1231.5
1280.170989	1237.25
1280.712978	1236.75
1281.25491	1232.5
1281.796787	1244.0
1282.338607	1240.75
1282.880371	1244.25
1283.422078	1251.0
1283.963729	1249.0
1284.505324	1273.25
1285.046863	1355.75
1285.588345	1501.25
1286.129772	1423.5
1286.671142	1294.25
1287.212455	1249.25
1287.753713	1255.25
1288.294914	1238.25
1288.836059	1234.25
1289.377147	1244.5
1289.91818	1234.75
1290.459156	1236.0
1291.000076	1234.25
1291.54094	1235.0
1292.081747	1242.0
1292.622499	1242.75
1293.163194	1229.25
1293.703833	1242.5
1294.244415	1228.75
1294.784942	1242.25
1295.325412	1236.0
1295.865826	1232.75
1296.406184	1219.0
1296.946486	1240.25
1297.486731	1232.75
1298.026921	1229.0
1298.567054	1245.0
1299.107131	1236.0
1299.647152	1219.5
1300.187116	1241.5
1300.727025	1231.25
1301.266877	1222.5
1301.806673	1234.75
1302.346413	1227.75
1302.886097	1228.25
1303.425725	1236.75
1303.965297	1222.25
1304.504812	1242.25
1305.044272	1236.0
1305.583675	1240.25
1306.123022	1241.0
1306.662313	1243.5
1307.201548	1231.0
1307.740727	1231.25
1308.279849	1247.25
1308.818916	1235.75
1309.357926	1223.5
1309.896881	1227.25
1310.435779	1244.75
1310.974621	1223.5
1311.513407	1237.0
1312.052137	1245.0
1312.590811	1236.25
1313.129429	1230.75
1313.667991	1234.75
1314.206497	1238.25
1314.744946	1226.0
1315.28334	1234.0
1315.821678	1229.75
1316.359959	1225.5
1316.898184	1246.5
1317.436354	1230.5
1317.974467	1242.25
1318.512525	1249.0
1319.050526	1237.5
1319.588471	1220.5
1320.12636	1227.75
1320.664194	1225.75
1321.201971	1230.5
1321.739692	1222.75
1322.277357	1233.5
1322.814967	1223.0
1323.35252	1231.75
1323.890017	1238.0
1324.427458	1223.5
1324.964843	1235.5
1325.502173	1226.25
1326.039446	1231.5
1326.576663	1234.0
1327.113824	1234.5
1327.65093	1240.75
1328.187979	1226.5
1328.724972	1248.0
1329.26191	1247.0
1329.798791	1223.75
1330.335617	1245.5
1330.872386	1235.25
1331.4091	1244.0
1331.945758	1232.0
1332.48236	1231.25
1333.018905	1240.25
1333.555395	1240.75
1334.091829	1236.25
1334.628207	1241.75
1335.164529	1233.5
1335.700796	1234.0
1336.237006	1231.0
1336.77316	1232.25
1337.309259	1241.0
1337.845301	1228.25
1338.381288	1229.75
1338.917219	1246.0
1339.453094	1238.25
1339.988913	1226.75
1340.524676	1253.5
1341.060383	1233.0
1341.596034	1235.0
1342.13163	1219.5
1342.66717	1244.0
1343.202653	1243.25
1343.738081	1235.25
1344.273453	1245.5
1344.80877	1247.5
1345.34403	1225.75
1345.879235	1232.25
1346.414383	1230.0
1346.949476	1233.75
1347.484513	1258.25
1348.019494	1236.0
1348.55442	1233.0
1349.089289	1242.0
1349.624103	1239.25
1350.158861	1235.0
1350.693563	1229.75
1351.228209	1237.75
1351.7628	1231.25
1352.297334	1251.25
1352.831813	1245.75
1353.366236	1231.25
1353.900604	1243.75
1354.434915	1239.5
1354.969171	1229.75
1355.503371	1237.0
1356.037515	1245.0
1356.571604	1233.25
1357.105636	1241.0
1357.639613	1236.5
1358.173535	1228.25
1358.7074	1234.75
1359.24121	1231.75
1359.774964	1241.5
1360.308662	1234.5
1360.842304	1237.0
1361.375891	1225.5
1361.909422	1239.5
1362.442897	1232.25
1362.976317	1234.75
1363.50968	1220.5
1364.042989	1241.75
1364.576241	1247.0
1365.109438	1245.0
1365.642579	1237.75
1366.175664	1247.75
1366.708693	1242.5
1367.241667	1229.0
1367.774585	1240.0
1368.307448	1234.5
1368.840255	1243.5
1369.373006	1241.0
1369.905701	1241.5
1370.438341	1240.75
1370.970925	1242.0
1371.503454	1237.5
1372.035926	1227.25
1372.568344	1247.5
1373.100705	1242.0
1373.633011	1230.25
1374.165261	1231.25
1374.697456	1230.0
1375.229595	1255.75
1375.761678	1235.75
1376.293705	1238.25
1376.825677	1238.25
1377.357594	1249.5
1377.889455	1250.0
1378.42126	1223.0
1378.953009	1229.0
1379.484703	1229.25
1380.016342	1246.75
1380.547924	1250.0
1381.079452	1236.25
1381.610923	1250.5
1382.142339	1230.0
1382.673699	1225.5
1383.205004	1234.5
1383.736253	1225.0
1384.267447	1255.25
1384.798585	1229.5
1385.329668	1236.25
1385.860695	1250.25
1386.391666	1253.5
1386.922582	1246.25
1387.453442	1240.5
1387.984247	1331.0
1388.514996	1523.5
1389.04569	1717.0
1389.576328	1404.5
1390.10691	1272.5
1390.637437	1247.0
1391.167909	1242.25
1391.698325	1251.0
1392.228685	1247.0
1392.75899	1237.75
1393.28924	1230.25
1393.819434	1241.0
1394.349572	1238.5
1394.879655	1237.0
1395.409683	1241.75
1395.939655	1249.5
1396.469571	1251.5
1396.999432	1253.5
1397.529237	1232.0
1398.058987	1238.75
1398.588682	1241.75
1399.118321	1246.75
1399.647905	1231.5
1400.177433	1242.25
1400.706906	1241.0
1401.236323	1251.5
1401.765685	1242.0
1402.294991	1245.0
1402.824242	1245.0
1403.353437	1245.0
1403.882577	1232.0
1404.411662	1229.25
1404.940691	1228.5
1405.469665	1243.5
1405.998583	1240.75
1406.527446	1250.25
1407.056253	1242.5
1407.585005	1233.5
1408.113702	1250.5
1408.642343	1239.0
1409.170929	1255.75
1409.69946	1268.5
1410.227935	1280.25
1410.756354	1269.25
1411.284719	1247.25
1411.813028	1253.0
1412.341281	1235.25
1412.869479	1245.75
1413.397622	1242.0
1413.92571	1233.0
1414.453742	1236.0
1414.981718	1238.75
1415.50964	1243.0
1416.037506	1232.75
1416.565316	1238.75
1417.093072	1229.25
1417.620772	1234.75
1418.148416	1243.0
1418.676005	1233.5
1419.203539	1236.5
1419.731018	1248.5
1420.258441	1251.25
1420.785809	1234.5
1421.313122	1239.75
1421.840379	1252.5
1422.367582	1239.75
1422.894728	1238.25
1423.42182	1245.5
1423.948856	1252.75
1424.475837	1234.75
1425.002762	1240.25
1425.529633	1257.5
1426.056448	1247.0
1426.583207	1229.75
1427.109912	1245.75
1427.636561	1242.25
1428.163155	1235.75
1428.689694	1248.75
1429.216177	1248.75
1429.742605	1247.0
1430.268978	1253.5
1430.795296	1234.75
1431.321558	1249.25
1431.847765	1236.0
1432.373917	1234.75
1432.900014	1239.0
1433.426056	1245.0
1433.952042	1249.0
1434.477973	1244.0
1435.003849	1241.25
1435.529669	1245.75
1436.055435	1241.0
1436.581145	1234.0
1437.1068	1240.5
1437.632399	1256.5
1438.157944	1240.0
1438.683433	1245.75
1439.208868	1236.5
1439.734247	1241.75
1440.25957	1241.75
1440.784839	1244.25
1441.310053	1233.5
1441.835211	1243.25
1442.360314	1256.25
1442.885362	1258.5
1443.410355	1242.25
1443.935292	1237.75
1444.460175	1246.0
1444.985002	1243.0
1445.509774	1238.25
1446.034491	1238.0
1446.559153	1230.5
1447.08376	1262.75
1447.608312	1254.25
1448.132808	1233.25
1448.65725	1235.0
1449.181636	1245.25
1449.705967	1253.5
1450.230243	1233.75
1450.754464	1238.0
1451.27863	1245.0
1451.802741	1243.25
1452.326797	1238.75
1452.850797	1228.5
1453.374743	1237.75
1453.898633	1242.5
1454.422468	1242.75
1454.946249	1237.5
1455.469974	1246.25
1455.993644	1251.25
1456.517259	1229.75
1457.040819	1242.5
1457.564324	1225.5
1458.087773	1235.0
1458.611168	1240.0
1459.134508	1226.75
1459.657793	1244.25
1460.181022	1245.75
1460.704197	1239.5
1461.227316	1257.5
1461.750381	1240.5
1462.27339	1239.0
1462.796345	1243.75
1463.319244	1252.5
1463.842089	1235.25
1464.364878	1239.75
1464.887613	1227.0
1465.410292	1229.5
1465.932916	1230.5
1466.455486	1243.5
1466.978	1226.5
1467.50046	1227.5
1468.022864	1251.0
1468.545214	1243.25
1469.067508	1229.0
1469.589748	1243.5
1470.111932	1247.5
1470.634062	1235.75
1471.156136	1227.5
1471.678156	1236.0
1472.20012	1222.75
1472.72203	1243.5
1473.243885	1244.25
1473.765685	1236.75
1474.28743	1245.25
1474.80912	1225.25
1475.330755	1236.25
1475.852335	1243.5
1476.89533	1257.25
1477.416745	1232.0
1477.938106	1233.75
1478.459411	1229.0
1478.980662	1235.75
1479.501857	1226.0
1480.022998	1239.25
1480.544084	1225.5
1481.065115	1238.5
1481.586091	1229.0
1482.107012	1224.5
1482.627878	1238.5
1483.14869	1249.0
1483.669446	1221.5
1484.190148	1233.75
1484.710794	1222.75
1485.231386	1232.25
1485.751923	1234.25
1486.272406	1235.5
1486.792833	1220.25
1487.313205	1233.5
1487.833523	1226.75
1488.353786	1234.25
1488.873994	1230.0
1489.394147	1232.75
1489.914245	1222.5
1490.434288	1230.5
1490.954277	1229.0
1491.474211	1233.0
1491.99409	1221.5
1492.513914	1234.0
1493.033683	1232.75
1493.553398	1227.5
1494.073057	1226.75
1494.592662	1235.25
1495.112212	1227.75
1495.631708	1223.75
1496.151148	1237.0
1496.670534	1214.0
1497.189865	1230.25
1497.709141	1229.75
1498.228362	1236.75
1498.747529	1243.5
1499.266641	1236.75
1499.785698	1230.5
1500.3047	1228.5
1500.823648	1225.25
1501.34254	1224.0
1501.861379	1229.5
1502.380162	1229.0
1502.89889	1227.25
1503.417564	1227.5
1503.936183	1229.0
1504.454748	1238.0
1504.973257	1242.25
1505.491712	1235.5
1506.010112	1228.75
1506.528458	1252.25
1507.046748	1227.75
1507.564984	1218.25
1508.083166	1234.25
1508.601292	1231.25
1509.119364	1229.5
1509.637381	1218.0
1510.155344	1220.5
1510.673252	1234.75
1511.191105	1233.75
1511.708903	1219.5
1512.226647	1229.75
1512.744336	1225.5
1513.261971	1224.5
1513.77955	1217.5
1514.297076	1221.5
1514.814546	1234.75
1515.331962	1223.25
1515.849323	1228.75
1516.366629	1227.0
1516.883881	1221.75
1517.401078	1229.25
1517.918221	1225.5
1518.435309	1220.0
1518.952342	1220.0
1519.469321	1216.75
1519.986245	1210.5
1520.503114	1222.25
1521.019929	1238.5
1521.536689	1217.5
1522.053395	1229.5
1522.570046	1227.0
1523.086642	1230.25
1523.603184	1234.5
1524.119671	1223.75
1524.636103	1231.25
1525.152481	1235.75
1525.668805	1235.75
1526.185073	1244.5
1526.701288	1221.75
1527.217447	1234.75
1527.733552	1230.5
1528.249603	1237.5
1528.765599	1220.5
1529.28154	1238.0
1529.797427	1228.25
1530.313259	1240.5
1530.829037	1219.25
1531.34476	1224.5
1531.860429	1227.0
1532.376043	1214.75
1532.891602	1235.25
1533.407107	1217.25
1533.922558	1239.25
1534.437954	1221.75
1534.953295	1231.75
1535.468582	1223.75
1535.983815	1247.75
1536.498993	1239.0
1537.014116	1251.0
1537.529185	1247.5
1538.044199	1241.75
1538.559159	1229.5
1539.074064	1241.0
1539.588915	1239.0
1540.103712	1228.5
1540.618454	1213.5
1541.133141	1236.0
1541.647774	1233.25
1542.162353	1235.5
1542.676877	1218.75
1543.191346	1226.0
1543.705761	1219.75
1544.220122	1220.0
1544.734428	1225.75
1545.24868	1228.25
1545.762877	1243.75
1546.27702	1232.5
1546.791109	1221.0
1547.305143	1224.25
1547.819122	1235.75
1548.333047	1218.25
1548.846918	1221.75
1549.360734	1215.5
1549.874496	1223.25
1550.388204	1223.75
1550.901857	1216.25
1551.415455	1224.25
1551.929	1231.25
1552.442489	1239.75
1552.955925	1241.25
1553.469306	1239.5
1553.982632	1221.0
1554.495905	1243.0
1555.009123	1232.75
1555.522286	1228.25
1556.035395	1228.0
1556.54845	1235.25
1557.06145	1240.75
1557.574396	1235.75
1558.087288	1225.5
1558.600125	1239.75
1559.112908	1227.75
1559.625637	1227.25
1560.138311	1212.25
1560.650931	1222.5
1561.163497	1224.0
1561.676008	1234.0
1562.188465	1223.5
1562.700867	1223.25
1563.213216	1227.5
1563.725509	1238.5
1564.237749	1228.5
1564.749934	1222.25
1565.262065	1212.25
1565.774142	1226.75
1566.286164	1228.75
1566.798132	1240.0
1567.310046	1243.75
1567.821906	1220.75
1568.333711	1233.0
1568.845462	1217.75
1569.357158	1227.5
1569.868801	1214.25
1570.380389	1227.5
1570.891922	1223.75
1571.403402	1230.0
1571.914827	1216.5
1572.426198	1217.5
1572.937515	1223.5
1573.448777	1246.75
1573.959985	1222.75
1574.471139	1231.25
1574.982239	1223.25
1575.493285	1229.75
1576.004276	1219.0
1576.515213	1224.0
1577.026096	1218.25
1577.536924	1202.0
1578.047698	1243.5
1578.558419	1220.0
1579.069084	1221.5
1579.579696	1220.5
1580.090254	1238.5
1580.600757	1234.25
1581.111206	1226.75
1581.621601	1231.0
1582.131941	1234.0
1582.642228	1222.75
1583.15246	1225.5
1583.662638	1211.5
1584.172762	1220.25
1584.682832	1233.75
1585.192847	1209.0
1585.702809	1233.25
1586.212716	1221.25
1586.722569	1219.0
1587.232368	1232.0
1587.742113	1205.25
1588.251803	1233.75
1588.76144	1215.25
1589.271022	1238.25
1589.78055	1207.5
1590.290024	1229.75
1590.799444	1223.0
1591.30881	1231.75
1591.818121	1239.75
1592.327379	1219.5
