1042.414189	1087.25
1042.980685	1078.0
1043.547124	1087.5
1044.113505	1087.5
1044.679828	1093.25
1045.246093	1086.5
1045.8123	1081.5
1046.378449	1093.5
1046.94454	1079.5
1047.510573	1091.25
1048.076548	1079.5
1048.642465	1077.75
1049.208325	1077.75
1049.774126	1075.5
1050.339869	1092.75
1050.905555	1080.5
1051.471183	1078.75
1052.036752	1075.75
1052.602264	1090.5
1053.167718	1081.25
1053.733114	1086.0
1054.298452	1086.0
1054.863733	1076.0
1055.428955	1085.5
1055.994119	1082.0
1056.559226	1083.75
1057.124275	1094.75
1057.689266	1082.5
1058.254199	1086.0
1058.819074	1080.75
1059.383891	1080.5
1059.94865	1086.5
1060.513352	1091.0
1061.077996	1083.75
1061.642582	1072.0
1062.20711	1079.5
1062.77158	1078.75
1063.335992	1084.25
1063.900347	1083.25
1064.464643	1089.5
1065.028882	1078.0
1065.593063	1081.5
1066.157187	1083.0
1066.721252	1085.5
1067.28526	1085.5
1067.84921	1090.75
1068.413102	1094.75
1068.976936	1087.25
1069.540713	1073.5
1070.104431	1076.0
1070.668092	1076.75
1071.231696	1082.25
1071.795241	1089.25
1072.358729	1096.5
1072.922159	1076.75
1073.485531	1082.25
1074.048845	1085.25
1074.612102	1089.5
1075.175301	1084.5
1075.738442	1087.0
1076.301525	1078.25
1076.864551	1079.5
1077.427519	1081.5
1077.990429	1089.75
1078.553281	1090.25
1079.116076	1087.25
1079.678813	1088.75
1080.241492	1080.75
1080.804114	1091.25
1081.366678	1071.5
1081.929184	1076.25
1082.491633	1086.5
1083.054024	1076.75
1083.616357	1080.25
1084.178632	1089.5
1084.74085	1076.5
1085.30301	1078.75
1085.865113	1088.75
1086.427158	1079.5
1086.989145	1080.75
1087.551074	1087.0
1088.112946	1076.0
1088.67476	1085.5
1089.236517	1087.25
1089.798216	1078.0
1090.359857	1090.0
1090.92144	1086.25
1091.482966	1086.0
1092.044435	1102.75
1092.605845	1097.0
1093.167199	1092.25
1093.728494	1073.5
1094.289732	1076.75
1094.850912	1088.25
1095.412035	1088.5
1095.9731	1091.75
1096.534107	1081.75
1097.095057	1106.25
1097.65595	1083.75
1098.216784	1080.5
1098.777561	1090.25
1099.338281	1086.25
1099.898943	1077.75
1100.459547	1085.0
1101.020094	1080.0
1101.580584	1094.25
1102.141015	1076.25
1102.701389	1083.0
1103.261706	1082.25
1103.821965	1086.0
1104.382167	1084.5
1104.942311	1077.25
1105.502397	1082.75
1106.062426	1077.75
1106.622398	1084.0
1107.182312	1079.75
1107.742168	1085.0
1108.301967	1083.5
1108.861708	1076.25
1109.421392	1081.25
1109.981019	1081.5
1110.540587	1089.0
1111.100099	1083.75
1111.659553	1081.25
1112.218949	1084.5
1112.778288	1088.5
1113.33757	1084.75
1113.896794	1086.5
1114.45596	1075.0
1115.015069	1095.25
1115.574121	1078.75
1116.133115	1074.75
1116.692052	1083.0
1117.250931	1103.5
1117.809753	1086.5
1118.368517	1073.75
1118.927224	1083.0
1119.485873	1092.25
1120.044465	1083.75
1120.603	1088.5
1121.161477	1084.5
1121.719897	1090.5
1122.278259	1096.0
1122.836564	1087.5
1123.394812	1088.5
1123.953002	1082.5
1124.511135	1079.75
1125.06921	1091.0
1125.627228	1085.25
1126.185189	1088.0
1126.743092	1085.5
1127.300938	1087.0
1127.858726	1102.0
1128.416457	1081.0
1128.974131	1089.25
1129.531748	1093.0
1130.089307	1093.75
1130.646808	1098.25
1131.204252	1088.25
1131.761639	1095.25
1132.318969	1092.0
1132.876241	1093.25
1133.433456	1093.0
1133.990614	1090.0
1134.547714	1090.5
1135.104757	1101.5
1135.661743	1091.25
1136.218671	1100.0
1136.775542	1100.75
1137.332356	1107.75
1137.889112	1102.75
1138.445811	1104.0
1139.002453	1110.25
1139.559037	1102.75
1140.115565	1095.5
1140.672035	1095.5
1141.228447	1101.75
1141.784803	1085.0
1142.341101	1096.5
1142.897342	1095.25
1143.453525	1088.5
1144.009651	1110.5
1144.565721	1100.5
1145.121732	1099.75
1145.677687	1095.0
1146.233584	1109.5
1146.789424	1108.5
1147.345207	1108.25
1147.900933	1109.25
1148.456601	1104.0
1149.012212	1111.75
1149.567766	1116.5
1150.123263	1104.0
1150.678702	1158.25
1151.234085	1184.0
1151.78941	1131.0
1152.344678	1114.75
1152.899888	1099.0
1153.455042	1086.25
1154.010138	1111.25
1154.565177	1111.75
1155.120159	1103.5
1155.675084	1095.25
1156.229951	1104.25
1156.784762	1094.25
1157.339515	1107.0
1157.894211	1101.25
1158.44885	1116.75
1159.003432	1107.5
1159.557956	1107.25
1160.112424	1110.5
1160.666834	1104.0
1161.221187	1103.25
1161.775483	1102.5
1162.329722	1096.5
1162.883904	1112.25
1163.438029	1107.25
1163.992096	1111.0
1164.546107	1104.25
1165.10006	1116.25
1165.653956	1101.75
1166.207795	1107.25
1166.761577	1114.75
1167.315302	1107.25
1167.86897	1118.25
1168.422581	1107.25
1168.976134	1100.0
1169.529631	1106.75
1170.08307	1123.5
1170.636453	1104.75
1171.189778	1094.75
1171.743046	1115.0
1172.296257	1116.0
1172.849412	1109.0
1173.402509	1104.0
1173.955549	1117.75
1174.508532	1111.25
1175.061458	1123.0
1175.614327	1106.5
1176.167138	1112.75
1176.719893	1107.25
1177.272591	1115.75
1177.825232	1105.5
1178.377816	1104.0
1178.930342	1115.25
1179.482812	1106.75
1180.035225	1113.75
1180.587581	1114.5
1181.139879	1100.75
1181.692121	1105.0
1182.244306	1115.25
1182.796434	1110.5
1183.348504	1116.25
1183.900518	1117.5
1184.452475	1109.0
1185.004375	1114.5
1185.556218	1111.25
1186.108004	1116.75
1186.659733	1108.75
1187.211405	1104.0
1187.76302	1114.25
1188.314578	1118.75
1188.866079	1112.75
1189.417523	1112.25
1189.96891	1122.25
1190.520241	1110.75
1191.071514	1113.75
1191.622731	1116.75
1192.17389	1114.0
1192.724993	1113.0
1193.276039	1134.75
1193.827027	1120.0
1194.377959	1106.0
1194.928834	1113.5
1195.479653	1115.75
1196.030414	1106.5
1196.581118	1112.25
1197.131766	1111.0
1197.682356	1116.0
1198.23289	1130.75
1198.783367	1115.5
1199.333786	1111.0
1199.88415	1116.25
1200.434456	1121.25
1200.984705	1121.5
1201.534898	1101.25
1202.085033	1109.25
1202.635112	1105.75
1203.185134	1122.25
1203.735099	1121.5
1204.285007	1120.0
1204.834859	1123.75
1205.384653	1104.75
1205.934391	1110.5
1206.484072	1111.75
1207.033696	1117.5
1207.583263	1121.25
1208.132774	1114.75
1208.682228	1118.25
1209.231624	1115.75
1209.780965	1110.75
1210.330248	1111.75
1210.879474	1107.25
1211.428644	1116.25
1211.977757	1109.25
1212.526813	1117.25
1213.075813	1128.75
1213.624755	1116.75
1214.173641	1113.5
1214.72247	1116.0
1215.271242	1122.75
1215.819958	1120.5
1216.368617	1114.25
1216.917219	1111.75
1217.465764	1121.0
1218.014253	1107.5
1218.562685	1102.25
1219.11106	1113.0
1219.659378	1115.75
1220.20764	1118.5
1220.755845	1112.5
1221.303993	1110.5
1221.852085	1097.25
1222.400119	1109.75
1222.948097	1116.5
1223.496019	1123.25
1224.043883	1120.0
1224.591691	1120.5
1225.139443	1105.5
1225.687137	1101.25
1226.234775	1124.25
1226.782357	1102.75
1227.329881	1110.75
1227.877349	1117.5
1228.42476	1105.0
1228.972115	1127.0
1229.519413	1124.5
1230.066654	1115.25
1230.613839	1110.0
1231.160967	1114.5
1231.708038	1123.75
1232.255053	1119.0
1232.802011	1123.5
1233.348912	1112.5
1233.895757	1115.5
1234.442545	1121.0
1234.989277	1121.75
1235.535951	1125.75
1236.08257	1119.25
1236.629131	1105.25
1237.175636	1115.0
1237.722085	1111.0
1238.268477	1120.25
1238.814812	1121.25
1239.361091	1114.25
1239.907313	1118.0
1240.453478	1126.5
1240.999587	1117.25
1241.54564	1113.75
1242.091636	1114.5
1242.637575	1136.0
1243.183457	1115.75
1243.729284	1119.5
1244.275053	1127.5
1244.820766	1128.5
1245.366423	1125.25
1245.912022	1104.75
1246.457566	1123.25
1247.003053	1114.0
1247.548483	1117.25
1248.093857	1124.75
1248.639174	1122.25
1249.184435	1115.75
1249.729639	1108.25
1250.274787	1121.5
1250.819878	1111.25
1251.364912	1111.0
1251.909891	1129.25
1252.454812	1124.75
1252.999677	1114.75
1253.544486	1113.0
1254.089238	1118.75
1254.633934	1118.75
1255.178573	1115.25
1255.723156	1119.0
1256.267682	1110.0
1256.812152	1105.5
1257.356565	1113.0
1257.900922	1124.25
1258.445223	1117.75
1258.989467	1123.5
1259.533654	1114.5
1260.077785	1139.5
1260.62186	1126.0
1261.165878	1114.5
1261.70984	1122.75
1262.253745	1108.0
1262.797594	1125.0
1263.341386	1123.0
1263.885123	1126.75
1264.428802	1136.0
1264.972425	1149.25
1265.515992	1159.0
1266.059503	1159.5
1266.602957	1131.25
1267.146354	1123.5
1267.689696	1116.0
1268.23298	1120.75
1268.776209	1117.25
1269.319381	1122.25
1269.862497	1120.75
1270.405556	1126.75
1270.948559	1121.0
1271.491506	1118.25
1272.034396	1131.5
1272.57723	1120.75
1273.120007	1132.5
1273.662728	1133.0
1274.205393	1115.25
1274.748002	1134.25
1275.290554	1124.75
1275.83305	1114.75
1276.375489	1129.75
1276.917872	1127.25
1277.460199	1119.75
1278.00247	1121.0
1278.544684	1125.5
1279.086842	1116.75
1279.628943	1132.0
1280.170989	1112.5
1280.712978	1125.25
1281.25491	1120.25
1281.796787	1118.75
1282.338607	1120.5
1282.880371	1138.75
1283.422078	1142.25
1283.963729	1165.5
1284.505324	1179.75
1285.046863	1280.5
1285.588345	1601.0
1286.129772	1626.25
1286.671142	1284.75
1287.212455	1162.0
1287.753713	1146.25
1288.294914	1141.25
1288.836059	1132.5
1289.377147	1124.5
1289.91818	1133.0
1290.459156	1130.25
1291.000076	1133.5
1291.54094	1125.5
1292.081747	1133.75
1292.622499	1122.75
1293.163194	1125.5
1293.703833	1118.5
1294.244415	1119.5
1294.784942	1127.25
1295.325412	1133.5
1295.865826	1112.0
1296.406184	1121.5
1296.946486	1128.0
1297.486731	1125.5
1298.026921	1122.75
1298.567054	1130.5
1299.107131	1129.0
1299.647152	1142.0
1300.187116	1123.75
1300.727025	1131.0
1301.266877	1135.75
1301.806673	1120.25
1302.346413	1130.0
1302.886097	1137.75
1303.425725	1126.5
1303.965297	1129.75
1304.504812	1127.5
1305.044272	1132.0
1305.583675	1130.5
1306.123022	1130.0
1306.662313	1120.5
1307.201548	1134.75
1307.740727	1144.75
1308.279849	1118.5
1308.818916	1120.0
1309.357926	1137.0
1309.896881	1130.5
1310.435779	1129.75
1310.974621	1125.0
1311.513407	1135.0
1312.052137	1127.0
1312.590811	1136.5
1313.129429	1136.5
1313.667991	1140.0
1314.206497	1127.25
1314.744946	1124.5
1315.28334	1119.25
1315.821678	1142.75
1316.359959	1124.25
1316.898184	1135.0
1317.436354	1125.0
1317.974467	1132.75
1318.512525	1127.5
1319.050526	1134.0
1319.588471	1133.75
1320.12636	1134.25
1320.664194	1138.75
1321.201971	1132.5
1321.739692	1136.5
1322.277357	1124.75
1322.814967	1135.75
1323.35252	1139.0
1323.890017	1148.5
1324.427458	1125.75
1324.964843	1127.0
1325.502173	1150.25
1326.039446	1132.75
1326.576663	1129.75
1327.113824	1133.75
1327.65093	1125.0
1328.187979	1128.0
1328.724972	1138.5
1329.26191	1139.5
1329.798791	1143.5
1330.335617	1126.0
1330.872386	1135.75
1331.4091	1126.75
1331.945758	1132.25
1332.48236	1137.75
1333.018905	1136.5
1333.555395	1145.25
1334.091829	1155.25
1334.628207	1143.25
1335.164529	1130.75
1335.700796	1138.75
1336.237006	1132.75
1336.77316	1128.75
1337.309259	1124.0
1337.845301	1128.75
1338.381288	1141.0
1338.917219	1122.25
1339.453094	1143.75
1339.988913	1132.0
1340.524676	1130.0
1341.060383	1138.25
1341.596034	1141.25
1342.13163	1126.75
1342.66717	1134.5
1343.202653	1138.75
1343.738081	1128.25
1344.273453	1136.0
1344.80877	1133.75
1345.34403	1127.25
1345.879235	1138.75
1346.414383	1140.5
1346.949476	1131.5
1347.484513	1146.5
1348.019494	1134.0
1348.55442	1147.75
1349.089289	1147.75
1349.624103	1127.25
1350.158861	1137.75
1350.693563	1139.75
1351.228209	1128.75
1351.7628	1141.5
1352.297334	1124.5
1352.831813	1120.5
1353.366236	1137.25
1353.900604	1138.25
1354.434915	1133.5
1354.969171	1153.5
1355.503371	1132.0
1356.037515	1144.25
1356.571604	1121.0
1357.105636	1144.5
1357.639613	1143.75
1358.173535	1130.75
1358.7074	1141.5
1359.24121	1142.5
1359.774964	1140.5
1360.308662	1134.5
1360.842304	1128.0
1361.375891	1127.0
1361.909422	1145.25
1362.442897	1134.0
1362.976317	1140.25
1363.50968	1121.25
1364.042989	1140.25
1364.576241	1137.25
1365.109438	1150.25
1365.642579	1141.5
1366.175664	1128.5
1366.708693	1144.75
1367.241667	1129.75
1367.774585	1144.0
1368.307448	1139.5
1368.840255	1141.5
1369.373006	1133.25
1369.905701	1145.5
1370.438341	1140.0
1370.970925	1162.5
1371.503454	1135.25
1372.035926	1149.75
1372.568344	1120.5
1373.100705	1138.0
1373.633011	1135.0
1374.165261	1136.0
1374.697456	1145.0
1375.229595	1140.75
1375.761678	1140.5
1376.293705	1130.75
1376.825677	1147.75
1377.357594	1141.5
1377.889455	1127.5
1378.42126	1129.5
1378.953009	1123.0
1379.484703	1139.75
1380.016342	1146.75
1380.547924	1146.25
1381.079452	1129.75
1381.610923	1131.75
1382.142339	1129.25
1382.673699	1128.25
1383.205004	1142.75
1383.736253	1148.0
1384.267447	1142.5
1384.798585	1137.25
1385.329668	1133.25
1385.860695	1142.5
1386.391666	1131.0
1386.922582	1156.5
1387.453442	1172.25
1387.984247	1224.75
1388.514996	1535.75
1389.04569	2218.75
1389.576328	1656.0
1390.10691	1237.25
1390.637437	1170.25
1391.167909	1150.75
1391.698325	1149.75
1392.228685	1146.5
1392.75899	1135.5
1393.28924	1140.75
1393.819434	1141.75
1394.349572	1147.0
1394.879655	1135.25
1395.409683	1133.25
1395.939655	1133.5
1396.469571	1124.0
1396.999432	1133.75
1397.529237	1140.25
1398.058987	1145.5
1398.588682	1132.0
1399.118321	1149.75
1399.647905	1128.75
1400.177433	1143.0
1400.706906	1141.25
1401.236323	1131.25
1401.765685	1128.5
1402.294991	1143.75
1402.824242	1134.75
1403.353437	1136.25
1403.882577	1141.0
1404.411662	1133.75
1404.940691	1132.0
1405.469665	1142.75
1405.998583	1147.0
1406.527446	1144.5
1407.056253	1139.75
1407.585005	1149.5
1408.113702	1141.5
1408.642343	1139.75
1409.170929	1155.5
1409.69946	1172.0
1410.227935	1219.25
1410.756354	1206.5
1411.284719	1159.25
1411.813028	1143.25
1412.341281	1135.25
1412.869479	1141.75
1413.397622	1140.75
1413.92571	1140.75
1414.453742	1133.75
1414.981718	1136.25
1415.50964	1145.75
1416.037506	1132.25
1416.565316	1136.0
1417.093072	1157.25
1417.620772	1133.75
1418.148416	1123.5
1418.676005	1135.0
1419.203539	1134.0
1419.731018	1127.75
1420.258441	1143.75
1420.785809	1138.0
1421.313122	1141.5
1421.840379	1133.25
1422.367582	1140.75
1422.894728	1128.5
1423.42182	1139.0
1423.948856	1130.25
1424.475837	1146.75
1425.002762	1130.25
1425.529633	1137.0
1426.056448	1148.0
1426.583207	1131.25
1427.109912	1129.0
1427.636561	1136.75
1428.163155	1126.75
1428.689694	1130.5
1429.216177	1143.5
1429.742605	1142.0
1430.268978	1140.0
1430.795296	1140.0
1431.321558	1134.25
1431.847765	1135.75
1432.373917	1133.25
1432.900014	1146.75
1433.426056	1130.0
1433.952042	1136.0
1434.477973	1142.75
1435.003849	1139.25
1435.529669	1140.25
1436.055435	1136.0
1436.581145	1146.0
1437.1068	1138.5
1438.157944	1146.75
1438.683433	1141.75
1439.208868	1133.75
1439.734247	1134.75
1440.25957	1134.75
1440.784839	1133.0
1441.310053	1135.25
1441.835211	1132.75
1442.360314	1132.75
1442.885362	1130.75
1443.410355	1135.0
1443.935292	1129.0
1444.460175	1144.0
1444.985002	1137.75
1445.509774	1138.25
1446.034491	1118.75
1446.559153	1118.75
1447.08376	1140.0
1447.608312	1126.5
1448.132808	1139.5
1448.65725	1136.75
1449.181636	1136.5
1449.705967	1129.5
1450.230243	1133.75
1450.754464	1133.25
1451.27863	1122.5
1451.802741	1128.25
1452.326797	1134.5
1452.850797	1110.0
1453.374743	1133.5
1453.898633	1131.5
1454.422468	1136.25
1454.946249	1128.75
1455.469974	1133.5
1455.993644	1125.25
1456.517259	1123.0
1457.040819	1113.0
1457.564324	1127.75
1458.087773	1129.25
1458.611168	1119.0
1459.134508	1120.5
1459.657793	1129.25
1460.181022	1123.25
1460.704197	1135.75
1461.227316	1117.25
1461.750381	1134.5
1462.27339	1129.5
1462.796345	1123.75
1463.319244	1134.5
1463.842089	1126.0
1464.364878	1114.0
1464.887613	1115.25
1465.410292	1137.25
1465.932916	1123.25
1466.455486	1127.25
1466.978	1127.25
1467.50046	1133.25
1468.022864	1127.0
1468.545214	1135.75
1469.067508	1138.5
1469.589748	1126.75
1470.111932	1125.5
1470.634062	1130.25
1471.156136	1122.0
1471.678156	1131.5
1472.20012	1131.5
1472.72203	1125.75
1473.243885	1125.5
1473.765685	1123.75
1474.28743	1117.25
1474.80912	1132.75
1475.330755	1132.25
1475.852335	1115.0
1476.37386	1114.5
1476.89533	1135.0
1477.416745	1113.75
1477.938106	1137.25
1478.459411	1119.75
1478.980662	1130.0
1479.501857	1120.5
1480.022998	1125.25
1480.544084	1138.0
1481.065115	1112.5
1481.586091	1126.75
1482.107012	1116.5
1482.627878	1111.75
1483.14869	1115.75
1483.669446	1136.0
1484.190148	1133.75
1484.710794	1125.5
1485.231386	1119.75
1485.751923	1124.5
1486.272406	1115.25
1486.792833	1120.75
1487.313205	1122.0
1487.833523	1122.25
1488.353786	1116.25
1488.873994	1110.0
1489.394147	1113.25
1489.914245	1118.75
1490.434288	1121.25
1490.954277	1113.75
1491.474211	1110.75
1491.99409	1116.5
1492.513914	1126.25
1493.033683	1114.25
1493.553398	1126.0
1494.073057	1133.75
1494.592662	1130.25
1495.112212	1111.5
1495.631708	1123.5
1496.151148	1126.0
1496.670534	1126.0
1497.189865	1119.75
1497.709141	1121.0
1498.228362	1117.0
1498.747529	1124.0
1499.266641	1113.25
1499.785698	1121.75
1500.3047	1116.5
1500.823648	1123.25
1501.34254	1122.75
1501.861379	1121.0
1502.380162	1123.5
1502.89889	1132.25
1503.417564	1123.5
1503.936183	1119.5
1504.454748	1134.5
1504.973257	1122.0
1505.491712	1127.5
1506.010112	1122.75
1506.528458	1111.5
1507.046748	1119.75
1507.564984	1113.75
1508.083166	1130.0
1508.601292	1127.75
1509.119364	1132.25
1509.637381	1120.75
1510.155344	1134.0
1510.673252	1135.0
1511.191105	1119.25
1511.708903	1118.0
1512.226647	1112.5
1512.744336	1112.5
1513.261971	1124.25
1513.77955	1121.5
1514.297076	1109.25
1514.814546	1123.25
1515.331962	1116.75
1515.849323	1119.5
1516.366629	1115.0
1516.883881	1115.0
1517.401078	1114.0
1517.918221	1121.25
1518.435309	1111.0
1518.952342	1128.0
1519.469321	1122.75
1519.986245	1113.75
1520.503114	1134.5
1521.019929	1105.5
1521.536689	1124.25
1522.053395	1122.75
1522.570046	1129.25
1523.086642	1117.0
1523.603184	1119.5
1524.119671	1127.0
1524.636103	1121.0
1525.152481	1113.25
1525.668805	1121.25
1526.185073	1127.0
1526.701288	1120.25
1527.217447	1110.0
1527.733552	1124.0
1528.249603	1126.5
1528.765599	1113.5
1529.28154	1117.25
1529.797427	1123.75
1530.313259	1129.5
1530.829037	1131.25
1531.34476	1113.75
1531.860429	1123.5
1532.376043	1110.25
1532.891602	1127.0
1533.407107	1132.5
1533.922558	1137.25
1534.437954	1129.5
1534.953295	1127.0
1535.468582	1125.75
1535.983815	1119.25
1536.498993	1137.75
1537.014116	1117.75
1537.529185	1125.25
1538.044199	1121.75
1538.559159	1127.75
1539.074064	1128.25
1539.588915	1129.0
1540.103712	1119.75
1540.618454	1130.75
1541.133141	1133.0
1541.647774	1139.0
1542.162353	1133.0
1542.676877	1120.25
1543.191346	1129.0
1543.705761	1124.25
1544.220122	1123.75
1544.734428	1118.5
1545.24868	1121.75
1545.762877	1121.5
1546.27702	1133.5
1546.791109	1117.0
1547.305143	1132.0
1547.819122	1118.75
1548.333047	1124.0
1548.846918	1123.75
1549.360734	1115.75
1549.874496	1131.5
1550.388204	1123.5
1550.901857	1114.0
1551.415455	1129.75
1551.929	1134.75
1552.442489	1114.25
1552.955925	1132.75
1553.469306	1119.0
1553.982632	1129.75
1554.495905	1132.75
1555.009123	1132.25
1555.522286	1122.25
1556.035395	1131.75
1556.54845	1125.25
1557.06145	1121.5
1557.574396	1131.5
1558.087288	1124.5
1558.600125	1121.25
1559.112908	1136.75
1559.625637	1124.25
1560.138311	1123.0
1560.650931	1128.25
1561.163497	1113.5
1561.676008	1113.75
1562.188465	1129.25
1562.700867	1126.25
1563.213216	1133.75
1563.725509	1139.0
1564.237749	1126.5
1564.749934	1146.0
1565.262065	1139.25
1565.774142	1120.5
1566.286164	1117.75
1566.798132	1130.5
1567.310046	1129.5
1567.821906	1128.5
1568.333711	1118.0
1568.845462	1120.0
1569.357158	1117.25
1569.868801	1130.25
1570.380389	1128.0
1570.891922	1120.5
1571.403402	1133.0
1571.914827	1128.25
1572.426198	1136.75
1572.937515	1125.5
1573.448777	1132.75
1573.959985	1126.75
1574.471139	1114.75
1574.982239	1130.25
1575.493285	1139.0
1576.004276	1137.75
1576.515213	1128.5
1577.026096	1112.25
1577.536924	1121.25
1578.047698	1129.25
1578.558419	1113.5
1579.069084	1119.25
1579.579696	1122.0
1580.090254	1131.0
1580.600757	1118.5
1581.111206	1121.0
1581.621601	1133.25
1582.131941	1123.0
1582.642228	1129.75
1583.15246	1128.75
1583.662638	1140.5
1584.172762	1115.75
1584.682832	1132.25
1585.192847	1119.25
1585.702809	1129.75
1586.212716	1127.0
1586.722569	1120.5
1587.232368	1129.5
1587.742113	1124.25
1588.251803	1117.0
1588.76144	1116.5
1589.271022	1123.75
1589.78055	1116.5
1590.290024	1109.75
1590.799444	1125.0
1591.30881	1111.0
1591.818121	1114.75
1592.327379	1113.5
