1042.414189	693.5
1042.980685	689.5
1043.547124	695.25
1044.113505	693.75
1044.679828	693.0
1045.246093	690.5
1045.8123	691.0
1046.378449	689.5
1046.94454	692.75
1047.510573	688.25
1048.076548	685.25
1048.642465	685.5
1049.208325	686.0
1049.774126	688.25
1050.339869	686.0
1050.905555	683.0
1051.471183	682.5
1052.036752	685.5
1052.602264	684.25
1053.167718	688.0
1053.733114	682.0
1054.298452	681.75
1054.863733	685.5
1055.428955	681.75
1055.994119	682.0
1056.559226	684.0
1057.124275	682.75
1057.689266	681.75
1058.254199	682.25
1058.819074	684.25
1059.383891	680.75
1059.94865	680.75
1060.513352	680.25
1061.077996	680.5
1061.642582	680.5
1062.20711	680.25
1062.77158	682.5
1063.335992	683.25
1063.900347	680.25
1064.464643	681.75
1065.028882	681.0
1065.593063	682.25
1066.157187	676.75
1066.721252	680.0
1067.28526	678.25
1067.84921	680.5
1068.413102	680.5
1068.976936	679.25
1069.540713	678.75
1070.104431	684.0
1070.668092	682.0
1071.231696	679.75
1071.795241	680.0
1072.358729	680.75
1072.922159	680.0
1073.485531	682.0
1074.048845	680.75
1074.612102	679.5
1075.175301	677.0
1075.738442	683.0
1076.301525	679.0
1076.864551	683.25
1077.427519	680.0
1077.990429	680.25
1078.553281	676.75
1079.116076	678.0
1079.678813	681.25
1080.241492	679.75
1080.804114	679.5
1081.366678	681.0
1081.929184	679.0
1082.491633	682.25
1083.054024	675.75
1083.616357	678.5
1084.178632	677.0
1084.74085	682.75
1085.30301	680.75
1085.865113	681.5
1086.427158	680.5
1086.989145	677.75
1087.551074	680.5
1088.112946	680.25
1088.67476	677.5
1089.236517	678.5
1089.798216	680.25
1090.359857	679.75
1090.92144	680.0
1091.482966	677.5
1092.044435	681.0
1092.605845	675.75
1093.167199	680.0
1093.728494	677.5
1094.289732	678.0
1094.850912	678.25
1095.412035	681.25
1095.9731	682.25
1096.534107	681.75
1097.095057	688.0
1097.65595	676.5
1098.216784	679.25
1098.777561	680.5
1099.338281	679.0
1099.898943	678.0
1100.459547	678.75
1101.020094	683.0
1101.580584	677.0
1102.141015	681.25
1102.701389	677.0
1103.261706	680.0
1103.821965	682.25
1104.382167	679.75
1104.942311	681.75
1105.502397	681.5
1106.062426	681.5
1106.622398	678.5
1107.182312	680.0
1107.742168	675.75
1108.301967	678.5
1108.861708	680.0
1109.421392	679.25
1109.981019	680.25
1110.540587	680.75
1111.100099	677.75
1111.659553	683.5
1112.218949	677.5
1112.778288	681.25
1113.33757	674.25
1113.896794	679.25
1114.45596	677.0
1115.015069	678.75
1115.574121	681.75
1116.133115	679.5
1116.692052	677.75
1117.250931	677.25
1117.809753	680.0
1118.368517	681.0
1118.927224	682.5
1119.485873	683.0
1120.044465	679.25
1120.603	681.5
1121.161477	678.0
1121.719897	680.25
1122.278259	680.25
1122.836564	681.5
1123.394812	685.5
1123.953002	681.0
1124.511135	674.75
1125.06921	680.25
1125.627228	678.5
1126.185189	684.0
1126.743092	677.25
1127.300938	680.5
1127.858726	680.75
1128.416457	678.5
1128.974131	680.5
1129.531748	680.25
1130.089307	683.0
1130.646808	680.25
1131.204252	681.75
1131.761639	678.0
1132.318969	680.75
1132.876241	677.5
1133.433456	684.0
1133.990614	679.0
1134.547714	681.75
1135.104757	676.5
1135.661743	680.75
1136.218671	685.25
1136.775542	679.25
1137.332356	684.0
1137.889112	678.75
1138.445811	681.0
1139.002453	681.25
1139.559037	683.0
1140.115565	683.0
1140.672035	682.0
1141.228447	684.25
1141.784803	686.25
1142.341101	688.5
1142.897342	693.75
1143.453525	709.25
1144.009651	696.75
1144.565721	695.25
1145.121732	689.75
1145.677687	686.0
1146.233584	693.5
1146.789424	703.5
1147.345207	724.25
1147.900933	726.0
1148.456601	707.75
1149.012212	713.5
1149.567766	747.25
1150.123263	876.5
1150.678702	1096.5
1151.234085	967.25
1151.78941	763.0
1152.344678	709.5
1152.899888	694.25
1153.455042	687.75
1154.010138	688.5
1154.565177	684.5
1155.120159	684.0
1155.675084	682.75
1156.229951	685.25
1156.784762	679.25
1157.339515	680.5
1157.894211	682.0
1158.44885	681.5
1159.003432	680.5
1159.557956	683.25
1160.112424	682.75
1160.666834	682.75
1161.221187	682.5
1161.775483	678.5
1162.329722	679.5
1162.883904	680.0
1163.438029	681.5
1163.992096	681.75
1164.546107	678.5
1165.10006	682.0
1165.653956	682.25
1166.207795	684.75
1166.761577	681.25
1167.315302	681.0
1167.86897	681.75
1168.422581	683.0
1168.976134	680.25
1169.529631	679.0
1170.08307	678.0
1170.636453	681.0
1171.189778	682.0
1171.743046	680.5
1172.296257	680.0
1172.849412	680.5
1173.402509	680.5
1173.955549	682.5
1174.508532	680.25
1175.061458	682.75
1175.614327	680.75
1176.167138	677.75
1176.719893	677.5
1177.272591	681.0
1177.825232	681.75
1178.377816	679.25
1178.930342	678.25
1179.482812	680.75
1180.035225	682.25
1180.587581	682.0
1181.139879	675.5
1181.692121	679.75
1182.244306	679.25
1182.796434	676.5
1183.348504	680.5
1183.900518	681.75
1184.452475	683.0
1185.004375	679.5
1185.556218	682.75
1186.108004	678.5
1186.659733	680.75
1187.211405	679.75
1187.76302	681.75
1188.314578	680.5
1188.866079	680.0
1189.417523	680.0
1189.96891	680.75
1190.520241	678.0
1191.071514	680.0
1191.622731	677.0
1192.17389	680.0
1192.724993	677.25
1193.276039	700.0
1193.827027	679.25
1194.377959	676.25
1194.928834	674.0
1195.479653	678.75
1196.030414	675.75
1196.581118	676.0
1197.131766	680.0
1197.682356	678.0
1198.23289	675.5
1198.783367	678.0
1199.333786	676.0
1199.88415	676.75
1200.434456	680.0
1200.984705	679.25
1201.534898	678.25
1202.085033	682.25
1202.635112	679.75
1203.185134	676.5
1203.735099	680.0
1204.285007	677.25
1204.834859	681.25
1205.384653	677.25
1205.934391	676.75
1206.484072	676.5
1207.033696	679.75
1207.583263	674.75
1208.132774	678.5
1208.682228	678.5
1209.231624	677.0
1209.780965	677.75
1210.330248	680.25
1210.879474	677.25
1211.428644	676.75
1211.977757	680.0
1212.526813	679.0
1213.075813	681.75
1213.624755	679.5
1214.173641	678.0
1214.72247	677.5
1215.271242	680.5
1215.819958	681.5
1216.368617	676.25
1216.917219	682.25
1217.465764	680.25
1218.014253	677.75
1218.562685	677.25
1219.11106	679.0
1219.659378	678.0
1220.20764	681.0
1220.755845	678.0
1221.303993	680.5
1221.852085	679.0
1222.400119	680.5
1222.948097	680.5
1223.496019	677.5
1224.043883	677.75
1224.591691	678.25
1225.139443	680.25
1225.687137	679.0
1226.234775	681.5
1226.782357	676.5
1227.329881	681.75
1227.877349	678.25
1228.42476	677.75
1228.972115	677.0
1229.519413	676.5
1230.066654	676.75
1230.613839	676.5
1231.160967	676.75
1231.708038	679.5
1232.255053	679.75
1232.802011	680.25
1233.348912	681.5
1233.895757	678.0
1234.442545	682.0
1234.989277	681.25
1235.535951	680.0
1236.08257	676.75
1236.629131	681.0
1237.175636	679.0
1237.722085	677.0
1238.268477	680.25
1238.814812	676.0
1239.361091	680.0
1239.907313	678.0
1240.453478	682.0
1240.999587	678.5
1241.54564	679.75
1242.091636	681.0
1242.637575	680.5
1243.183457	681.0
1243.729284	679.0
1244.275053	680.25
1244.820766	679.5
1245.366423	682.5
1245.912022	681.5
1246.457566	684.75
1247.003053	678.75
1247.548483	681.0
1248.093857	678.5
1248.639174	684.75
1249.184435	683.0
1249.729639	681.25
1250.274787	679.0
1250.819878	681.5
1251.364912	680.5
1251.909891	678.0
1252.454812	682.0
1252.999677	684.5
1253.544486	682.25
1254.089238	682.75
1254.633934	680.25
1255.178573	680.75
1255.723156	679.0
1256.267682	683.0
1256.812152	681.0
1257.356565	682.25
1257.900922	680.25
1258.445223	684.0
1258.989467	681.5
1259.533654	685.5
1260.077785	700.75
1260.62186	681.25
1261.165878	684.0
1261.70984	683.0
1262.253745	684.0
1262.797594	689.5
1263.341386	688.5
1263.885123	694.5
1264.428802	704.0
1264.972425	730.0
1265.515992	732.5
1266.059503	709.5
1266.602957	697.0
1267.146354	692.0
1267.689696	686.5
1268.23298	682.5
1268.776209	680.0
1269.319381	685.0
1269.862497	683.25
1270.405556	681.5
1270.948559	682.25
1271.491506	687.75
1272.034396	683.25
1272.57723	680.75
1273.120007	682.0
1273.662728	680.0
1274.205393	679.5
1274.748002	681.0
1275.290554	680.5
1275.83305	684.75
1276.375489	684.25
1276.917872	684.25
1277.460199	686.0
1278.00247	685.75
1278.544684	683.5
1279.086842	685.75
1279.628943	684.0
1280.170989	688.0
1280.712978	686.0
1281.25491	690.75
1281.796787	690.75
1282.338607	691.25
1282.880371	709.0
1283.422078	722.5
1283.963729	763.75
1284.505324	877.75
1285.046863	1169.75
1285.588345	1431.25
1286.129772	1085.75
1286.671142	801.0
1287.212455	723.75
1287.753713	706.75
1288.294914	705.5
1288.836059	691.5
1289.377147	690.25
1289.91818	688.75
1290.459156	687.5
1291.000076	681.5
1291.54094	687.0
1292.081747	682.25
1292.622499	685.75
1293.163194	687.0
1293.703833	685.75
1294.244415	682.0
1294.784942	685.75
1295.325412	686.25
1295.865826	680.25
1296.406184	682.5
1296.946486	681.0
1297.486731	681.5
1298.026921	680.75
1298.567054	681.75
1299.107131	683.75
1299.647152	681.0
1300.187116	683.25
1300.727025	683.25
1301.266877	682.25
1301.806673	678.75
1302.346413	683.0
1302.886097	684.0
1303.425725	679.75
1303.965297	682.75
1304.504812	682.75
1305.044272	681.25
1305.583675	685.0
1306.123022	683.75
1306.662313	682.75
1307.201548	681.75
1307.740727	682.5
1308.279849	681.0
1308.818916	678.5
1309.357926	681.25
1309.896881	679.75
1310.435779	679.25
1310.974621	677.75
1311.513407	679.75
1312.052137	682.75
1312.590811	682.0
1313.129429	685.5
1313.667991	678.5
1314.206497	680.0
1314.744946	682.75
1315.28334	681.25
1315.821678	678.75
1316.359959	681.0
1316.898184	678.5
1317.436354	684.25
1317.974467	684.5
1318.512525	679.25
1319.050526	683.25
1319.588471	681.0
1320.12636	682.0
1320.664194	680.5
1321.201971	680.5
1321.739692	681.5
1322.277357	680.25
1322.814967	681.0
1323.35252	681.0
1323.890017	690.0
1324.427458	683.75
1324.964843	680.0
1325.502173	681.25
1326.039446	681.0
1326.576663	678.75
1327.113824	685.0
1327.65093	681.0
1328.187979	687.5
1328.724972	683.0
1329.26191	680.5
1329.798791	680.0
1330.335617	681.75
1330.872386	680.5
1331.4091	681.5
1331.945758	682.75
1332.48236	682.0
1333.018905	683.75
1333.555395	681.5
1334.091829	684.5
1334.628207	686.0
1335.164529	683.75
1335.700796	679.75
1336.237006	682.25
1336.77316	680.25
1337.309259	685.75
1337.845301	680.5
1338.381288	684.5
1338.917219	682.0
1339.453094	681.25
1339.988913	682.0
1340.524676	684.5
1341.060383	679.5
1341.596034	679.5
1342.13163	677.75
1342.66717	684.75
1343.202653	685.0
1343.738081	681.5
1344.273453	680.75
1344.80877	682.25
1345.34403	681.5
1345.879235	682.5
1346.414383	683.0
1346.949476	680.75
1347.484513	683.25
1348.019494	682.75
1348.55442	680.75
1349.089289	680.5
1349.624103	681.0
1350.158861	682.5
1350.693563	681.25
1351.228209	682.25
1351.7628	681.0
1352.297334	684.75
1352.831813	683.25
1353.366236	683.0
1353.900604	684.75
1354.434915	683.75
1354.969171	685.0
1355.503371	679.75
1356.037515	683.25
1356.571604	682.0
1357.105636	684.0
1357.639613	684.0
1358.173535	680.5
1358.7074	684.25
1359.24121	683.0
1359.774964	681.25
1360.308662	686.5
1360.842304	681.25
1361.375891	679.75
1361.909422	682.75
1362.442897	685.0
1362.976317	684.5
1363.50968	682.0
1364.042989	686.0
1364.576241	685.25
1365.109438	683.0
1365.642579	683.75
1366.175664	680.0
1366.708693	686.0
1367.241667	680.0
1367.774585	684.5
1368.307448	690.0
1368.840255	684.75
1369.373006	683.0
1369.905701	689.0
1370.438341	707.5
1370.970925	701.0
1371.503454	684.5
1372.035926	684.5
1372.568344	681.0
1373.100705	687.75
1373.633011	682.75
1374.165261	683.5
1374.697456	683.25
1375.229595	683.75
1375.761678	680.75
1376.293705	685.75
1376.825677	685.75
1377.357594	685.0
1377.889455	683.5
1378.42126	681.25
1378.953009	685.0
1379.484703	685.0
1380.016342	687.5
1380.547924	685.0
1381.079452	687.5
1381.610923	686.25
1382.142339	686.75
1382.673699	685.5
1383.205004	688.5
1383.736253	690.0
1384.267447	690.0
1384.798585	691.0
1385.329668	691.75
1385.860695	705.0
1386.391666	722.5
1386.922582	736.75
1387.453442	788.25
1387.984247	1004.75
1388.514996	1750.0
1389.04569	1961.5
1389.576328	1087.0
1390.10691	785.5
1390.637437	724.25
1391.167909	706.75
1391.698325	700.5
1392.228685	694.5
1392.75899	689.5
1393.28924	689.0
1393.819434	691.25
1394.349572	688.25
1394.879655	685.25
1395.409683	687.0
1395.939655	683.0
1396.469571	687.5
1396.999432	685.5
1397.529237	688.5
1398.058987	686.25
1398.588682	684.5
1399.118321	685.0
1399.647905	683.0
1400.177433	687.5
1400.706906	683.5
1401.236323	683.5
1401.765685	684.25
1402.294991	685.25
1402.824242	685.75
1403.353437	681.75
1403.882577	683.75
1404.411662	682.0
1404.940691	685.75
1405.469665	686.0
1405.998583	684.25
1406.527446	687.0
1407.056253	687.5
1407.585005	687.5
1408.113702	691.25
1408.642343	701.5
1409.170929	714.75
1409.69946	757.5
1410.227935	786.75
1410.756354	748.75
1411.284719	705.5
1411.813028	688.0
1412.341281	685.5
1412.869479	681.25
1413.397622	681.5
1413.92571	686.25
1414.453742	682.0
1414.981718	684.75
1415.50964	691.5
1416.037506	681.75
1416.565316	682.5
1417.093072	684.75
1417.620772	684.25
1418.148416	682.5
1418.676005	681.75
1419.203539	684.25
1419.731018	677.0
1420.258441	677.5
1420.785809	679.25
1421.313122	681.5
1421.840379	679.75
1422.367582	682.5
1422.894728	680.25
1423.42182	681.0
1423.948856	681.0
1424.475837	682.25
1425.002762	681.75
1425.529633	679.75
1426.056448	680.0
1426.583207	684.25
1427.109912	683.25
1427.636561	677.25
1428.163155	680.5
1428.689694	676.0
1429.216177	680.5
1429.742605	679.0
1430.268978	680.5
1430.795296	677.5
1431.321558	680.75
1431.847765	684.75
1432.373917	678.0
1432.900014	681.0
1433.426056	681.25
1433.952042	680.0
1434.477973	676.5
1435.003849	681.25
1435.529669	679.0
1436.055435	682.5
1436.581145	677.75
1437.1068	678.25
1437.632399	676.75
1438.157944	679.25
1438.683433	681.5
1439.208868	680.5
1439.734247	680.0
1440.25957	681.25
1440.784839	679.5
1441.310053	677.25
1441.835211	681.75
1442.360314	678.0
1442.885362	676.0
1443.410355	681.5
1443.935292	677.25
1444.460175	677.5
1444.985002	677.0
1445.509774	678.25
1446.034491	679.5
1446.559153	678.5
1447.08376	677.75
1447.608312	683.75
1448.132808	677.25
1448.65725	677.5
1449.181636	680.5
1449.705967	676.0
1450.230243	675.75
1450.754464	676.5
1451.27863	677.25
1451.802741	674.75
1452.326797	678.5
1452.850797	675.5
1453.374743	678.25
1453.898633	677.25
1454.422468	680.75
1454.946249	679.25
1455.469974	680.0
1455.993644	680.5
1456.517259	675.25
1457.040819	675.5
1457.564324	679.0
1458.087773	681.0
1458.611168	674.75
1459.134508	676.5
1459.657793	677.0
1460.181022	675.75
1460.704197	677.5
1461.227316	678.25
1461.750381	676.5
1462.27339	681.0
1462.796345	717.0
1463.319244	721.25
1463.842089	681.0
1464.364878	675.25
1464.887613	675.25
1465.410292	678.25
1465.932916	675.5
1466.455486	674.75
1466.978	677.0
1467.50046	675.5
1468.022864	672.75
1468.545214	677.0
1469.067508	680.25
1469.589748	676.25
1470.111932	676.0
1470.634062	678.5
1471.156136	677.25
1471.678156	674.0
1472.20012	675.75
1472.72203	673.25
1473.243885	680.5
1473.765685	676.5
1474.28743	676.25
1474.80912	674.5
1475.330755	679.75
1475.852335	676.75
1476.37386	674.0
1476.89533	674.25
1477.416745	675.25
1477.938106	675.5
1478.459411	676.75
1478.980662	677.5
1479.501857	676.5
1480.022998	673.75
1480.544084	677.0
1481.065115	679.5
1481.586091	674.0
1482.107012	671.75
1482.627878	676.5
1483.14869	674.0
1483.669446	677.5
1484.190148	676.5
1484.710794	673.5
1485.231386	676.0
1485.751923	678.0
1486.272406	675.5
1486.792833	674.75
1487.313205	676.25
1487.833523	673.75
1488.353786	676.75
1488.873994	675.5
1489.394147	679.25
1489.914245	675.25
1490.434288	675.0
1490.954277	677.25
1491.474211	676.25
1491.99409	674.0
1492.513914	675.75
1493.033683	677.25
1493.553398	674.0
1494.073057	674.75
1494.592662	676.25
1495.112212	671.75
1495.631708	673.25
1496.151148	677.25
1496.670534	674.0
1497.189865	675.25
1497.709141	675.5
1498.228362	676.75
1498.747529	676.25
1499.266641	675.0
1499.785698	678.5
1500.3047	674.75
1500.823648	674.25
1501.34254	678.0
1501.861379	676.5
1502.380162	677.25
1502.89889	676.0
1503.417564	676.0
1503.936183	674.5
1504.454748	673.5
1504.973257	678.5
1505.491712	673.25
1506.010112	674.75
1506.528458	676.75
1507.046748	672.25
1507.564984	674.25
1508.083166	676.25
1508.601292	676.25
1509.119364	676.0
1509.637381	675.75
1510.155344	677.75
1510.673252	686.0
1511.191105	675.75
1511.708903	676.25
1512.226647	676.25
1512.744336	675.5
1513.261971	675.0
1513.77955	675.25
1514.297076	675.5
1514.814546	678.25
1515.331962	674.75
1515.849323	676.5
1516.366629	673.0
1516.883881	671.25
1517.401078	674.5
1517.918221	675.5
1518.435309	675.75
1518.952342	675.25
1519.469321	677.0
1519.986245	676.5
1520.503114	674.75
1521.019929	677.5
1521.536689	675.5
1522.053395	675.75
1522.570046	676.25
1523.086642	675.75
1523.603184	673.5
1524.119671	676.75
1524.636103	673.75
1525.152481	677.0
1525.668805	699.75
1526.701288	686.25
1527.217447	677.75
1527.733552	674.5
1528.249603	674.75
1528.765599	673.25
1529.28154	678.0
1529.797427	678.0
1530.313259	678.25
1530.829037	678.25
1531.34476	675.5
1531.860429	674.75
1532.376043	677.0
1532.891602	673.0
1533.407107	674.75
1533.922558	677.75
1534.437954	680.25
1534.953295	679.75
1535.468582	677.75
1535.983815	675.5
1536.498993	675.0
1537.014116	677.5
1537.529185	677.5
1538.044199	676.5
1538.559159	678.75
1539.074064	676.25
1539.588915	678.0
1540.103712	680.25
1540.618454	677.5
1541.133141	677.75
1541.647774	674.75
1542.162353	674.25
1542.676877	675.0
1543.191346	676.75
1543.705761	679.5
1544.220122	673.25
1544.734428	675.0
1545.24868	678.75
1545.762877	678.25
1546.27702	673.75
1546.791109	676.0
1547.305143	676.75
1547.819122	673.5
1548.333047	675.75
1548.846918	680.25
1549.360734	676.25
1549.874496	677.0
1550.388204	676.5
1550.901857	676.5
1551.415455	676.5
1551.929	676.25
1552.442489	675.25
1552.955925	680.0
1553.469306	676.5
1553.982632	677.25
1554.495905	679.75
1555.009123	680.5
1555.522286	679.25
1556.035395	677.75
1556.54845	674.5
1557.06145	682.0
1557.574396	680.75
1558.087288	677.75
1558.600125	681.25
1559.112908	677.0
1559.625637	679.25
1560.138311	678.75
1560.650931	676.75
1561.163497	678.75
1561.676008	674.5
1562.188465	679.75
1562.700867	676.75
1563.213216	682.0
1563.725509	678.5
1564.237749	679.5
1564.749934	681.5
1565.262065	680.5
1565.774142	686.5
1566.286164	682.0
1566.798132	684.5
1567.310046	680.0
1567.821906	680.5
1568.333711	682.5
1568.845462	680.25
1569.357158	678.25
1569.868801	681.25
1570.380389	679.25
1570.891922	677.0
1571.403402	677.5
1571.914827	676.25
1572.426198	679.75
1572.937515	674.75
1573.448777	677.75
1573.959985	674.0
1574.471139	674.5
1574.982239	677.25
1575.493285	676.75
1576.004276	673.0
1576.515213	677.25
1577.026096	675.5
1577.536924	674.5
1578.047698	675.0
1578.558419	676.25
1579.069084	671.5
1579.579696	679.75
1580.090254	673.0
1580.600757	674.0
1581.111206	679.25
1581.621601	676.25
1582.131941	678.25
1582.642228	679.0
1583.15246	674.25
1583.662638	677.5
1584.172762	677.75
1584.682832	675.75
1585.192847	677.25
1585.702809	672.75
1586.212716	677.25
1586.722569	676.25
1587.232368	677.25
1587.742113	679.25
1588.251803	674.0
1588.76144	680.5
1589.271022	675.75
1589.78055	675.75
1590.290024	676.25
1590.799444	678.25
1591.30881	678.0
1591.818121	678.0
1592.327379	676.0
