1042.414189	739.0
1042.980685	745.5
1043.547124	734.75
1044.113505	736.0
1044.679828	740.25
1045.246093	734.0
1045.8123	736.25
1046.378449	734.0
1046.94454	735.0
1047.510573	734.0
1048.076548	733.75
1048.642465	729.75
1049.208325	730.75
1049.774126	728.5
1050.339869	720.75
1050.905555	734.0
1051.471183	723.0
1052.036752	724.5
1052.602264	722.0
1053.167718	723.25
1053.733114	723.25
1054.298452	729.5
1054.863733	727.75
1055.428955	723.75
1055.994119	724.75
1056.559226	724.0
1057.124275	726.75
1057.689266	717.5
1058.254199	717.75
1058.819074	721.0
1059.383891	719.5
1059.94865	718.75
1060.513352	713.25
1061.077996	719.0
1061.642582	724.25
1062.20711	718.0
1062.77158	718.25
1063.335992	720.25
1063.900347	719.75
1064.464643	714.0
1065.028882	721.25
1065.593063	723.25
1066.157187	716.5
1066.721252	716.75
1067.28526	718.0
1067.84921	715.75
1068.413102	719.5
1068.976936	716.25
1069.540713	714.25
1070.104431	725.5
1070.668092	722.75
1071.231696	715.5
1071.795241	714.5
1072.358729	719.0
1072.922159	719.0
1073.485531	718.0
1074.048845	714.75
1074.612102	721.0
1075.175301	713.5
1075.738442	710.25
1076.301525	717.0
1076.864551	719.5
1077.427519	714.0
1077.990429	718.25
1078.553281	715.5
1079.116076	714.5
1079.678813	715.5
1080.241492	714.75
1080.804114	720.5
1081.366678	719.75
1081.929184	714.75
1082.491633	717.75
1083.054024	718.0
1083.616357	716.25
1084.178632	716.0
1084.74085	714.5
1085.30301	717.25
1085.865113	717.5
1086.427158	714.0
1086.989145	721.0
1087.551074	713.0
1088.112946	718.5
1088.67476	715.0
1089.236517	715.0
1089.798216	709.0
1090.359857	718.5
1090.92144	717.0
1091.482966	720.5
1092.044435	719.5
1092.605845	713.0
1093.167199	714.0
1093.728494	715.75
1094.289732	713.25
1094.850912	717.5
1095.412035	720.5
1095.9731	718.5
1096.534107	720.5
1097.095057	719.25
1097.65595	712.0
1098.216784	714.75
1098.777561	718.25
1099.338281	717.5
1099.898943	715.0
1100.459547	716.0
1101.020094	713.75
1101.580584	718.0
1102.141015	715.25
1102.701389	712.5
1103.261706	720.25
1103.821965	720.25
1104.382167	715.0
1104.942311	711.5
1105.502397	715.25
1106.062426	714.75
1106.622398	716.5
1107.182312	712.25
1107.742168	718.0
1108.301967	714.5
1108.861708	715.75
1109.421392	716.25
1109.981019	719.0
1110.540587	718.75
1111.100099	715.0
1111.659553	715.0
1112.218949	712.5
1112.778288	715.25
1113.33757	718.5
1113.896794	713.25
1114.45596	714.25
1115.015069	715.0
1115.574121	718.0
1116.133115	716.0
1116.692052	714.25
1117.250931	717.0
1117.809753	714.0
1118.368517	716.5
1118.927224	717.25
1119.485873	712.5
1120.044465	718.25
1120.603	713.25
1121.161477	715.5
1121.719897	714.0
1122.278259	718.75
1122.836564	717.0
1123.394812	716.75
1123.953002	716.0
1124.511135	714.5
1125.06921	717.75
1125.627228	715.75
1126.185189	714.5
1126.743092	720.0
1127.300938	718.25
1127.858726	715.25
1128.416457	716.75
1128.974131	715.5
1129.531748	710.75
1130.089307	720.75
1130.646808	721.75
1131.204252	721.75
1131.761639	717.0
1132.318969	719.0
1132.876241	716.0
1133.433456	714.0
1133.990614	714.75
1134.547714	716.5
1135.104757	717.0
1135.661743	717.0
1136.218671	716.5
1136.775542	710.25
1137.332356	716.5
1137.889112	719.25
1138.445811	717.0
1139.002453	715.0
1139.559037	716.5
1140.115565	717.25
1140.672035	719.75
1141.228447	718.75
1141.784803	711.25
1142.341101	722.75
1142.897342	720.0
1143.453525	726.5
1144.009651	722.0
1144.565721	720.0
1145.121732	720.25
1145.677687	721.75
1146.233584	723.0
1146.789424	724.25
1147.345207	734.5
1147.900933	737.75
1148.456601	725.25
1149.012212	735.75
1149.567766	745.5
1150.123263	794.75
1150.678702	878.5
1151.234085	824.5
1151.78941	749.0
1152.344678	723.25
1152.899888	723.0
1153.455042	718.0
1154.010138	719.0
1154.565177	718.25
1155.120159	719.75
1155.675084	719.75
1156.229951	721.75
1156.784762	709.5
1157.339515	719.5
1157.894211	715.0
1158.44885	716.0
1159.003432	715.0
1159.557956	716.75
1160.112424	714.5
1160.666834	719.25
1161.221187	718.5
1161.775483	716.5
1162.329722	721.5
1162.883904	715.75
1163.438029	720.25
1163.992096	721.0
1164.546107	718.75
1165.10006	716.25
1165.653956	718.5
1166.207795	720.25
1166.761577	720.0
1167.315302	717.5
1167.86897	720.25
1168.422581	715.5
1168.976134	717.5
1169.529631	717.0
1170.08307	724.0
1170.636453	716.75
1171.189778	710.75
1171.743046	716.75
1172.296257	716.25
1172.849412	716.75
1173.402509	717.25
1173.955549	716.75
1174.508532	720.0
1175.061458	718.75
1175.614327	718.25
1176.167138	720.0
1176.719893	711.25
1177.272591	719.0
1177.825232	718.0
1178.377816	718.0
1178.930342	714.0
1179.482812	715.5
1180.035225	712.75
1180.587581	715.25
1181.139879	718.25
1181.692121	715.5
1182.244306	714.75
1182.796434	717.5
1183.348504	715.75
1183.900518	714.25
1184.452475	716.75
1185.004375	715.25
1185.556218	718.5
1186.108004	715.5
1186.659733	715.5
1187.211405	712.0
1187.76302	713.0
1188.314578	714.75
1188.866079	714.25
1189.417523	714.5
1189.96891	719.25
1190.520241	712.25
1191.071514	714.0
1191.622731	714.5
1192.17389	714.5
1192.724993	715.25
1193.276039	734.0
1193.827027	714.5
1194.377959	719.5
1194.928834	713.0
1195.479653	714.75
1196.030414	713.25
1196.581118	715.0
1197.131766	714.25
1197.682356	716.25
1198.23289	714.25
1198.783367	714.0
1199.333786	716.25
1199.88415	718.75
1200.434456	716.5
1200.984705	714.75
1201.534898	710.5
1202.085033	708.75
1202.635112	713.25
1203.185134	716.0
1203.735099	714.75
1204.285007	711.25
1204.834859	719.0
1205.384653	717.0
1205.934391	715.25
1206.484072	714.25
1207.033696	712.25
1207.583263	716.5
1208.132774	719.5
1208.682228	714.75
1209.231624	712.25
1209.780965	712.75
1210.330248	715.75
1210.879474	712.5
1211.428644	718.25
1211.977757	715.5
1212.526813	712.0
1213.075813	724.25
1213.624755	713.5
1214.173641	712.0
1214.72247	712.25
1215.271242	716.25
1215.819958	710.5
1216.368617	714.25
1216.917219	709.25
1217.465764	713.25
1218.014253	716.0
1218.562685	717.25
1219.11106	714.75
1219.659378	711.0
1220.20764	716.0
1220.755845	712.5
1221.303993	715.25
1221.852085	715.75
1222.400119	714.0
1222.948097	714.25
1223.496019	719.0
1224.043883	711.5
1224.591691	714.25
1225.139443	709.5
1225.687137	715.0
1226.234775	712.5
1226.782357	714.5
1227.329881	714.75
1227.877349	711.75
1228.42476	719.0
1228.972115	714.75
1229.519413	712.5
1230.066654	711.0
1230.613839	714.25
1231.160967	714.25
1231.708038	715.5
1232.255053	719.25
1232.802011	716.5
1233.348912	716.0
1233.895757	710.75
1234.442545	715.75
1234.989277	720.0
1235.535951	716.0
1236.08257	715.5
1236.629131	717.5
1237.175636	716.25
1237.722085	719.75
1238.268477	719.25
1238.814812	712.25
1239.361091	714.25
1239.907313	711.25
1240.453478	721.0
1240.999587	715.25
1241.54564	713.75
1242.091636	714.25
1242.637575	717.75
1243.183457	714.25
1243.729284	719.25
1244.275053	718.75
1244.820766	713.0
1245.366423	723.5
1245.912022	715.0
1246.457566	715.0
1247.003053	718.75
1247.548483	715.5
1248.093857	716.25
1248.639174	710.5
1249.184435	716.5
1249.729639	720.0
1250.274787	715.25
1250.819878	715.75
1251.364912	714.75
1251.909891	715.25
1252.454812	716.75
1252.999677	716.0
1253.544486	723.5
1254.089238	720.5
1254.633934	713.25
1255.178573	718.5
1255.723156	715.25
1256.267682	715.0
1256.812152	716.5
1257.356565	718.25
1257.900922	715.5
1258.445223	718.75
1258.989467	715.5
1259.533654	720.0
1260.077785	728.5
1260.62186	716.25
1261.165878	719.5
1261.70984	721.75
1262.253745	717.0
1262.797594	718.75
1263.341386	719.25
1263.885123	720.5
1264.428802	724.5
1264.972425	733.75
1265.515992	737.0
1266.059503	725.75
1266.602957	719.25
1267.146354	717.0
1267.689696	719.5
1268.23298	724.25
1268.776209	716.25
1269.319381	715.5
1269.862497	717.75
1270.405556	710.0
1270.948559	717.75
1271.491506	718.75
1272.034396	715.25
1272.57723	720.5
1273.120007	712.5
1273.662728	718.0
1274.205393	715.25
1274.748002	720.25
1275.290554	717.25
1275.83305	719.25
1276.375489	720.25
1276.917872	720.0
1277.460199	717.75
1278.00247	720.75
1278.544684	719.25
1279.086842	719.0
1279.628943	718.0
1280.170989	717.5
1280.712978	718.75
1281.25491	717.25
1281.796787	721.5
1282.338607	727.0
1282.880371	726.5
1283.422078	732.75
1283.963729	741.0
1284.505324	782.5
1285.046863	879.75
1285.588345	984.25
1286.129772	863.0
1286.671142	759.0
1287.212455	730.5
1287.753713	724.25
1288.294914	725.75
1288.836059	720.25
1289.377147	720.0
1289.91818	719.75
1290.459156	717.5
1291.000076	718.25
1291.54094	717.0
1292.081747	715.5
1292.622499	715.75
1293.163194	712.25
1293.703833	716.25
1294.244415	715.0
1294.784942	720.25
1295.325412	719.0
1295.865826	718.25
1296.406184	720.25
1296.946486	718.0
1297.486731	718.5
1298.026921	710.75
1298.567054	714.25
1299.107131	717.25
1299.647152	717.5
1300.187116	714.5
1300.727025	721.25
1301.266877	716.25
1301.806673	715.25
1302.346413	715.5
1302.886097	718.75
1303.425725	717.0
1303.965297	715.25
1304.504812	712.25
1305.044272	718.0
1305.583675	723.5
1306.123022	717.25
1306.662313	717.75
1307.201548	718.0
1307.740727	717.5
1308.279849	713.75
1308.818916	717.5
1309.357926	718.0
1309.896881	715.0
1310.435779	720.5
1310.974621	718.75
1311.513407	716.75
1312.052137	716.0
1312.590811	714.25
1313.129429	712.25
1313.667991	720.75
1314.206497	716.75
1314.744946	720.75
1315.28334	720.75
1315.821678	719.25
1316.359959	709.5
1316.898184	723.25
1317.436354	713.75
1317.974467	715.0
1318.512525	718.25
1319.050526	717.0
1319.588471	711.0
1320.12636	716.0
1320.664194	717.75
1321.201971	722.25
1321.739692	717.5
1322.277357	713.5
1322.814967	714.75
1323.35252	720.25
1323.890017	726.75
1324.427458	715.5
1324.964843	718.75
1325.502173	718.5
1326.039446	713.0
1326.576663	714.5
1327.113824	719.5
1327.65093	713.0
1328.187979	717.25
1328.724972	713.5
1329.26191	714.5
1329.798791	717.0
1330.335617	718.25
1330.872386	717.75
1331.4091	712.5
1331.945758	711.75
1332.48236	715.25
1333.018905	722.75
1333.555395	713.5
1334.091829	714.0
1334.628207	713.0
1335.164529	717.5
1335.700796	722.0
1336.237006	716.5
1336.77316	716.25
1337.309259	716.0
1337.845301	717.5
1338.381288	712.0
1338.917219	712.5
1339.453094	717.0
1339.988913	711.75
1340.524676	716.5
1341.060383	711.75
1341.596034	719.0
1342.13163	716.0
1342.66717	712.25
1343.202653	716.0
1343.738081	724.0
1344.273453	719.5
1344.80877	711.25
1345.34403	718.25
1345.879235	715.0
1346.414383	716.5
1346.949476	719.5
1347.484513	717.25
1348.019494	717.0
1348.55442	715.75
1349.089289	719.25
1349.624103	719.25
1350.158861	715.75
1350.693563	715.25
1351.228209	712.25
1351.7628	714.75
1352.297334	711.75
1352.831813	722.25
1353.366236	717.5
1353.900604	714.5
1354.434915	715.75
1354.969171	721.25
1355.503371	715.25
1356.037515	718.25
1356.571604	713.75
1357.105636	719.5
1357.639613	716.5
1358.173535	709.5
1358.7074	715.75
1359.24121	713.0
1359.774964	723.75
1360.308662	721.0
1360.842304	716.25
1361.375891	719.0
1361.909422	714.0
1362.442897	721.0
1362.976317	718.5
1363.50968	719.25
1364.042989	715.25
1364.576241	717.5
1365.109438	721.5
1365.642579	720.25
1366.175664	719.0
1366.708693	714.5
1367.241667	715.25
1367.774585	714.25
1368.307448	720.5
1368.840255	720.0
1369.373006	714.0
1369.905701	724.0
1370.438341	723.0
1370.970925	720.0
1371.503454	715.25
1372.035926	717.75
1372.568344	719.5
1373.100705	720.0
1373.633011	716.5
1374.165261	716.0
1374.697456	717.5
1375.229595	722.25
1375.761678	715.25
1376.293705	720.25
1376.825677	716.25
1377.357594	717.5
1377.889455	719.75
1378.42126	719.0
1378.953009	717.75
1379.484703	719.75
1380.016342	715.25
1380.547924	718.5
1381.079452	723.25
1381.610923	721.25
1382.142339	714.25
1382.673699	722.25
1383.205004	719.75
1383.736253	723.25
1384.267447	717.75
1384.798585	721.5
1385.329668	719.5
1385.860695	726.25
1386.391666	725.25
1386.922582	741.5
1387.453442	751.75
1387.984247	826.5
1388.514996	1083.0
1389.04569	1157.5
1389.576328	856.75
1390.10691	752.5
1390.637437	728.75
1391.167909	729.25
1391.698325	720.75
1392.228685	721.25
1392.75899	719.75
1393.28924	719.5
1393.819434	723.75
1394.349572	715.75
1394.879655	720.25
1395.409683	725.75
1395.939655	718.25
1396.469571	718.0
1396.999432	717.75
1397.529237	717.25
1398.058987	718.5
1398.588682	721.5
1399.118321	719.75
1399.647905	719.5
1400.177433	716.75
1400.706906	716.5
1401.236323	713.5
1401.765685	719.75
1402.294991	719.5
1402.824242	716.75
1403.353437	722.25
1403.882577	719.75
1404.411662	715.25
1404.940691	719.0
1405.469665	712.5
1405.998583	719.5
1406.527446	717.25
1407.056253	721.5
1407.585005	723.75
1408.113702	723.0
1408.642343	719.0
1409.170929	731.0
1409.69946	745.0
1410.227935	756.5
1410.756354	743.0
1411.284719	724.25
1411.813028	724.25
1412.341281	719.0
1412.869479	719.25
1413.397622	719.0
1413.92571	720.5
1414.453742	721.75
1414.981718	717.75
1415.50964	727.25
1416.037506	718.0
1416.565316	719.75
1417.093072	723.25
1417.620772	719.25
1418.148416	718.25
1418.676005	719.5
1419.203539	716.25
1419.731018	717.5
1420.258441	722.25
1420.785809	719.0
1421.313122	716.75
1421.840379	714.0
1422.367582	718.0
1422.894728	720.75
1423.42182	716.75
1423.948856	722.25
1424.475837	718.75
1425.002762	719.75
1425.529633	718.25
1426.056448	720.25
1426.583207	717.0
1427.109912	722.25
1427.636561	717.75
1428.163155	717.0
1428.689694	714.75
1429.216177	717.75
1429.742605	719.25
1430.268978	722.0
1430.795296	717.25
1431.321558	720.0
1431.847765	716.5
1432.373917	711.5
1432.900014	722.75
1433.426056	719.75
1433.952042	720.0
1434.477973	712.5
1435.003849	716.5
1435.529669	713.75
1436.055435	720.75
1436.581145	715.25
1437.1068	717.25
1437.632399	718.5
1438.157944	721.0
1438.683433	719.25
1439.208868	715.0
1439.734247	717.25
1440.25957	714.0
1440.784839	718.25
1441.310053	716.5
1441.835211	717.5
1442.360314	717.0
1442.885362	721.25
1443.410355	721.0
1443.935292	719.5
1444.460175	716.25
1444.985002	721.0
1445.509774	724.0
1446.034491	717.75
1446.559153	714.75
1447.08376	713.0
1447.608312	721.5
1448.132808	720.25
1448.65725	717.75
1449.181636	716.75
1449.705967	718.0
1450.230243	720.0
1450.754464	720.25
1451.27863	719.25
1451.802741	719.25
1452.326797	717.5
1452.850797	720.25
1453.374743	720.5
1453.898633	717.25
1454.422468	714.75
1454.946249	720.5
1455.469974	720.0
1455.993644	718.5
1456.517259	723.5
1457.040819	718.0
1457.564324	719.5
1458.087773	716.5
1458.611168	716.0
1459.134508	713.75
1459.657793	720.5
1460.181022	715.25
1460.704197	717.0
1461.227316	720.0
1461.750381	716.0
1462.27339	722.25
1462.796345	742.25
1463.319244	752.0
1463.842089	719.0
1464.364878	717.25
1464.887613	715.5
1465.410292	721.25
1465.932916	719.0
1466.455486	718.5
1466.978	715.75
1467.50046	720.0
1468.022864	722.5
1468.545214	717.0
1469.067508	722.5
1469.589748	713.0
1470.111932	720.0
1470.634062	721.0
1471.156136	717.5
1471.678156	719.0
1472.20012	715.0
1472.72203	715.25
1473.243885	716.75
1473.765685	715.75
1474.28743	721.5
1474.80912	716.75
1475.330755	712.25
1475.852335	723.0
1476.37386	715.75
1476.89533	717.0
1477.416745	716.25
1477.938106	716.5
1478.459411	722.75
1478.980662	721.5
1479.501857	720.0
1480.022998	722.0
1480.544084	716.5
1481.065115	719.75
1481.586091	714.25
1482.107012	718.5
1482.627878	716.25
1483.14869	719.25
1483.669446	715.75
1484.190148	722.0
1484.710794	717.25
1485.231386	719.25
1485.751923	722.0
1486.272406	720.5
1486.792833	714.25
1487.313205	721.25
1487.833523	716.25
1488.353786	715.25
1488.873994	716.5
1489.394147	714.5
1489.914245	714.0
1490.434288	715.75
1490.954277	717.0
1491.474211	716.0
1491.99409	715.5
1492.513914	718.5
1493.033683	716.75
1493.553398	719.0
1494.073057	717.0
1494.592662	716.75
1495.112212	715.75
1495.631708	717.75
1496.151148	722.5
1496.670534	721.25
1497.189865	714.25
1497.709141	713.5
1498.228362	718.75
1498.747529	718.5
1499.266641	717.75
1499.785698	721.0
1500.3047	718.5
1500.823648	716.5
1501.34254	719.25
1501.861379	723.5
1502.380162	715.0
1502.89889	717.75
1503.417564	723.25
1503.936183	714.25
1504.454748	720.5
1504.973257	713.75
1505.491712	717.25
1506.010112	721.25
1506.528458	718.0
1507.046748	717.25
1507.564984	718.25
1508.083166	719.75
1508.601292	708.75
1509.119364	718.25
1509.637381	714.5
1510.155344	717.75
1510.673252	726.25
1511.191105	721.75
1511.708903	720.25
1512.226647	715.5
1512.744336	719.25
1513.261971	719.75
1513.77955	710.25
1514.297076	716.25
1514.814546	722.25
1515.331962	717.75
1515.849323	717.0
1516.366629	721.75
1516.883881	720.25
1517.401078	723.25
1517.918221	712.5
1518.435309	715.25
1518.952342	717.0
1519.469321	715.75
1519.986245	714.75
1520.503114	719.25
1521.019929	721.0
1521.536689	722.75
1522.053395	716.5
1522.570046	720.0
1523.086642	721.25
1523.603184	717.0
1524.119671	716.5
1524.636103	722.25
1525.152481	716.75
1525.668805	726.0
1526.701288	722.5
1527.217447	721.75
1527.733552	716.0
1528.249603	718.25
1528.765599	714.25
1529.28154	719.75
1529.797427	718.0
1530.313259	722.25
1530.829037	723.0
1531.34476	717.0
1531.860429	720.0
1532.376043	716.75
1532.891602	718.75
1533.407107	724.5
1533.922558	716.0
1534.437954	715.25
1534.953295	721.0
1535.468582	722.25
1535.983815	724.5
1536.498993	719.0
1537.014116	717.0
1537.529185	717.75
1538.044199	719.0
1538.559159	722.5
1539.074064	721.25
1539.588915	723.25
1540.103712	721.25
1540.618454	720.5
1541.133141	718.25
1541.647774	718.25
1542.162353	722.5
1542.676877	718.0
1543.191346	724.25
1543.705761	719.75
1544.220122	725.25
1544.734428	718.0
1545.24868	721.25
1545.762877	721.75
1546.27702	724.75
1546.791109	713.75
1547.305143	725.0
1547.819122	719.5
1548.333047	720.25
1548.846918	717.0
1549.360734	717.5
1549.874496	723.75
1550.388204	719.0
1550.901857	723.25
1551.415455	717.75
1551.929	718.75
1552.442489	720.75
1552.955925	722.25
1553.469306	714.75
1553.982632	716.5
1554.495905	719.75
1555.009123	715.5
1555.522286	714.75
1556.035395	723.0
1556.54845	721.5
1557.06145	719.25
1557.574396	725.0
1558.087288	721.75
1558.600125	722.5
1559.112908	720.5
1559.625637	717.5
1560.138311	721.0
1560.650931	723.5
1561.163497	719.0
1561.676008	720.5
1562.188465	729.25
1562.700867	717.75
1563.213216	715.25
1563.725509	722.0
1564.237749	722.25
1564.749934	721.75
1565.262065	721.75
1565.774142	718.75
1566.286164	725.75
1566.798132	723.25
1567.310046	724.25
1567.821906	730.75
1568.333711	718.75
1568.845462	719.25
1569.357158	723.25
1569.868801	721.5
1570.380389	719.75
1570.891922	718.5
1571.403402	726.5
1571.914827	721.25
1572.426198	724.0
1572.937515	724.75
1573.448777	719.0
1573.959985	720.75
1574.471139	721.5
1574.982239	724.5
1575.493285	723.25
1576.004276	724.75
1576.515213	722.5
1577.026096	720.75
1577.536924	718.0
1578.047698	723.0
1578.558419	725.0
1579.069084	726.25
1579.579696	718.75
1580.090254	724.75
1580.600757	722.5
1581.111206	723.5
1581.621601	717.5
1582.131941	726.75
1582.642228	725.5
1583.15246	721.5
1583.662638	725.0
1584.172762	725.0
1584.682832	721.0
1585.192847	722.5
1585.702809	726.75
1586.212716	719.75
1586.722569	724.75
1587.232368	723.25
1587.742113	724.0
1588.251803	721.5
1588.76144	718.25
1589.271022	726.5
1589.78055	722.75
1590.290024	722.75
1590.799444	722.75
1591.30881	718.5
1591.818121	723.25
1592.327379	722.25
