1068.661358	678.0
1069.225567	679.4000244
1069.789718	675.4000244
1070.353811	676.5999756
1070.917846	677.5999756
1071.481823	679.4000244
1072.045743	671.0
1072.609604	675.4000244
1073.173408	672.7999878
1073.737153	674.5999756
1074.300841	674.4000244
1074.864471	671.7999878
1075.428043	673.0
1075.991557	672.4000244
1076.555013	676.2000122
1077.118411	672.0
1077.681751	669.7999878
1078.245033	671.7999878
1078.808258	669.5999756
1079.371424	672.2000122
1079.934533	670.7999878
1080.497584	672.5999756
1081.060577	670.7999878
1081.623512	671.5999756
1082.186389	667.5999756
1082.749209	671.2000122
1083.31197	671.7999878
1083.874674	669.4000244
1084.437319	667.7999878
1084.999907	670.2000122
1085.562438	672.7999878
1086.12491	667.0
1086.687324	666.7999878
1087.249681	668.7999878
1087.81198	667.2000122
1088.374221	665.0
1088.936404	667.5999756
1089.498529	665.7999878
1090.060597	667.0
1090.622607	668.0
1091.184559	664.7999878
1091.746453	667.5999756
1092.308289	668.4000244
1092.870068	668.4000244
1093.431789	665.2000122
1093.993452	664.4000244
1094.555057	666.5999756
1095.116604	668.4000244
1096.8009	667.2000122
1097.362217	664.4000244
1097.923475	665.5999756
1098.484676	668.5999756
1099.045819	666.0
1099.606905	664.4000244
1100.167932	663.5999756
1100.728902	663.7999878
1101.289815	663.0
1101.850669	667.0
1102.411466	664.5999756
1102.972205	667.5999756
1103.532886	665.5999756
1104.09351	666.2000122
1104.654076	663.5999756
1105.214584	664.0
1105.775035	664.7999878
1106.335428	666.4000244
1106.895763	661.5999756
1107.456041	663.7999878
1108.01626	670.0
1108.576423	667.7999878
1109.136527	663.5999756
1109.696574	666.0
1110.256563	663.0
1110.816494	667.4000244
1111.376368	667.4000244
1111.936184	665.5999756
1112.495943	665.4000244
1113.055644	665.2000122
1113.615287	663.0
1114.174873	663.4000244
1114.734401	663.5999756
1115.293871	662.5999756
1115.853284	664.5999756
1116.412639	664.2000122
1116.971936	664.7999878
1117.531176	662.0
1118.090359	663.4000244
1118.649483	665.4000244
1119.20855	662.4000244
1119.76756	662.2000122
1120.326512	666.0
1120.885406	665.5999756
1121.444243	664.4000244
1122.003022	661.5999756
1122.561743	664.0
1123.120407	670.4000244
1123.679014	662.4000244
1124.237562	662.5999756
1124.796054	662.4000244
1125.354487	664.5999756
1125.912864	664.4000244
1126.471182	663.7999878
1127.029443	664.7999878
1127.587647	663.7999878
1128.145793	662.7999878
1128.703881	662.0
1129.261912	662.5999756
1129.819886	664.2000122
1130.377801	668.0
1130.93566	662.5999756
1131.493461	661.7999878
1132.051204	664.2000122
1132.60889	662.4000244
1133.166518	663.4000244
1133.724089	663.4000244
1134.281602	662.4000244
1134.839058	663.5999756
1135.396457	662.4000244
1135.953798	662.2000122
1136.511081	660.2000122
1137.068307	662.4000244
1137.625475	663.0
1138.182586	661.5999756
1138.73964	661.0
1139.296636	663.2000122
1139.853575	661.7999878
1140.410456	665.4000244
1140.96728	659.0
1141.524046	663.2000122
1142.080755	662.5999756
1142.637406	664.5999756
1143.194	664.7999878
1143.750537	662.2000122
1144.307016	662.2000122
1144.863438	661.4000244
1145.419802	664.2000122
1145.976109	662.2000122
1146.532358	661.5999756
1147.08855	662.0
1147.644685	664.4000244
1148.200762	663.0
1148.756782	662.7999878
1149.312745	661.4000244
1149.86865	661.5999756
1150.424498	660.0
1150.980288	661.7999878
1151.536021	662.4000244
1152.091697	661.5999756
1152.647315	661.5999756
1153.202876	664.4000244
1153.75838	663.5999756
1154.313826	661.5999756
1154.869215	660.7999878
1155.424546	659.4000244
1155.979821	662.0
1156.535037	660.2000122
1157.090197	665.0
1157.645299	659.7999878
1158.200344	662.4000244
1158.755332	662.5999756
1159.310262	660.5999756
1159.865135	663.5999756
1160.419951	662.2000122
1160.974709	663.4000244
1161.52941	663.5999756
1162.084054	659.4000244
1162.63864	662.2000122
1163.193169	661.5999756
1163.747641	660.4000244
1164.302056	661.4000244
1164.856413	660.5999756
1165.410713	666.0
1165.964956	662.0
1166.519142	661.7999878
1167.07327	662.2000122
1167.627341	659.7999878
1168.181355	661.2000122
1168.735311	664.0
1169.28921	660.2000122
1169.843052	661.0
1170.396837	660.5999756
1170.950565	662.2000122
1171.504235	664.0
1172.057848	660.4000244
1172.611404	661.0
1173.164903	661.4000244
1173.718344	659.2000122
1174.271729	661.7999878
1174.825056	662.2000122
1175.378326	660.2000122
1175.931538	661.7999878
1176.484694	660.2000122
1177.037792	660.2000122
1177.590833	661.5999756
1178.143817	658.2000122
1178.696744	659.2000122
1179.249613	659.2000122
1179.802426	661.0
1180.355181	660.7999878
1180.907879	659.5999756
1181.46052	657.5999756
1182.013104	660.0
1182.565631	660.5999756
1183.1181	659.7999878
1183.670512	661.2000122
1184.222868	661.4000244
1184.775166	659.2000122
1185.327407	661.0
1185.87959	659.7999878
1186.431717	659.5999756
1186.983787	659.2000122
1187.535799	660.2000122
1188.087755	661.4000244
1188.639653	659.2000122
1189.191494	661.4000244
1189.743278	661.7999878
1190.295005	660.5999756
1190.846675	660.2000122
1191.398288	661.7999878
1191.949844	660.5999756
1192.501342	660.4000244
1193.052784	660.2000122
1193.604168	659.7999878
1194.155496	662.2000122
1194.706766	661.4000244
1195.257979	659.5999756
1195.809136	658.7999878
1196.360235	660.2000122
1196.911277	661.4000244
1197.462262	660.0
1198.01319	661.0
1198.564061	660.4000244
1199.114876	660.7999878
1199.665633	661.7999878
1200.216333	659.0
1200.766976	663.5999756
1201.317561	661.2000122
1201.86809	661.2000122
1202.418562	660.2000122
1202.968977	659.4000244
1203.519335	659.4000244
1204.069636	661.0
1204.61988	660.4000244
1205.170067	661.0
1205.720197	659.2000122
1206.27027	660.2000122
1206.820286	660.4000244
1207.370245	659.0
1207.920148	659.7999878
1208.469993	662.7999878
1209.019781	660.0
1209.569512	659.5999756
1210.119186	660.5999756
1210.668804	658.7999878
1211.218364	660.7999878
1211.767868	660.5999756
1212.317314	658.7999878
1212.866704	661.0
1213.416037	658.7999878
1213.965312	659.2000122
1214.514531	660.7999878
1215.063693	660.0
1215.612798	659.2000122
1216.161846	661.5999756
1216.710837	659.0
1217.259772	661.4000244
1217.808649	660.5999756
1218.35747	658.2000122
1218.906233	679.0
1219.45494	663.2000122
1220.00359	659.4000244
1220.552183	661.4000244
1221.100719	660.0
1221.649198	662.4000244
1222.197621	662.2000122
1222.745986	660.0
1223.294295	660.7999878
1223.842547	661.7999878
1224.390742	658.2000122
1224.93888	659.7999878
1225.486961	660.4000244
1226.034986	660.2000122
1226.582954	660.5999756
1227.130864	662.4000244
1227.678718	659.7999878
1228.226516	660.0
1228.774256	660.0
1229.32194	660.2000122
1229.869566	663.2000122
1230.417136	661.7999878
1230.964649	656.7999878
1231.512106	661.4000244
1232.059505	660.7999878
1232.606848	659.4000244
1233.154134	662.7999878
1233.701363	662.4000244
1234.248536	659.0
1234.795651	663.2000122
1235.34271	660.5999756
1235.889712	660.5999756
1236.436658	661.4000244
1236.983546	658.2000122
1237.530378	659.7999878
1238.077153	660.2000122
1238.623872	659.2000122
1239.170534	661.4000244
1239.717138	662.7999878
1240.263687	660.4000244
1240.810178	661.4000244
1241.356613	661.4000244
1241.902991	660.7999878
1242.449312	660.7999878
1242.995577	661.5999756
1243.541785	661.5999756
1244.087936	662.7999878
1244.63403	661.7999878
1245.180068	662.2000122
1245.726049	662.7999878
1246.271973	663.5999756
1246.817841	660.7999878
1247.363652	660.4000244
1247.909407	659.7999878
1248.455104	661.0
1249.000745	662.4000244
1249.54633	661.5999756
1250.091857	662.0
1250.637328	662.7999878
1251.182743	663.2000122
1251.7281	662.0
1252.273402	665.0
1252.818646	663.0
1253.363834	663.4000244
1253.908965	660.4000244
1254.45404	661.5999756
1254.999057	664.2000122
1255.544019	663.5999756
1256.088923	662.2000122
1256.633772	660.2000122
1257.178563	665.2000122
1257.723298	663.2000122
1258.267976	662.7999878
1258.812598	662.4000244
1259.357163	665.5999756
1259.901671	667.4000244
1260.446123	665.5999756
1260.990519	663.2000122
1261.534857	662.5999756
1262.079139	663.5999756
1262.623365	666.0
1263.167534	665.4000244
1263.711647	665.2000122
1264.255702	670.2000122
1264.799702	681.2000122
1265.343645	699.7999878
1265.887531	695.5999756
1266.431361	675.5999756
1266.975134	669.7999878
1267.51885	666.5999756
1268.062511	664.4000244
1268.606114	664.5999756
1269.149661	661.7999878
1269.693152	663.5999756
1270.236586	663.7999878
1270.779963	662.0
1271.323284	665.5999756
1271.866549	662.5999756
1272.409757	664.7999878
1272.952909	663.5999756
1273.496004	662.2000122
1274.039042	659.2000122
1274.582024	662.0
1275.12495	663.0
1275.667819	662.4000244
1276.210632	662.5999756
1276.753388	663.7999878
1277.296088	661.4000244
1277.838731	664.5999756
1278.381318	662.4000244
1278.923848	663.2000122
1279.466322	664.7999878
1280.008739	662.0
1280.551101	663.0
1281.093405	667.7999878
1281.635653	667.0
1282.177845	668.0
1282.71998	670.0
1283.262059	668.0
1283.804082	675.5999756
1284.346048	694.5999756
1284.887958	765.4000244
1285.429811	1071.199951
1285.971608	1211.800049
1286.513348	844.4000244
1287.055032	707.2000122
1287.59666	681.5999756
1288.138231	671.2000122
1288.679746	669.4000244
1289.221205	669.0
1289.762607	665.0
1290.303953	666.5999756
1290.845242	666.7999878
1291.386475	662.5999756
1291.927652	664.4000244
1292.468773	660.2000122
1293.009837	664.4000244
1293.550844	663.7999878
1294.091796	661.2000122
1294.632691	662.7999878
1295.173529	662.4000244
1295.714312	662.7999878
1296.255038	663.5999756
1296.795708	664.7999878
1297.336321	664.2000122
1297.876878	666.0
1298.417379	661.2000122
1298.957823	661.4000244
1299.498212	661.2000122
1300.038543	661.5999756
1300.578819	661.7999878
1301.119038	661.7999878
1301.659201	661.7999878
1302.199308	662.2000122
1302.739359	661.7999878
1303.279353	662.5999756
1303.819291	666.7999878
1304.359173	661.7999878
1304.898998	663.2000122
1305.438767	662.5999756
1305.97848	662.0
1306.518137	661.7999878
1307.057737	663.5999756
1307.597281	661.5999756
1308.136769	663.5999756
1308.676201	662.0
1309.215576	663.7999878
1309.754896	661.7999878
1310.294159	660.7999878
1310.833365	661.7999878
1311.372516	665.0
1311.91161	661.7999878
1312.450649	661.5999756
1312.989631	661.5999756
1313.528556	662.5999756
1314.067426	663.7999878
1314.606239	661.2000122
1315.144997	663.0
1315.683698	660.4000244
1316.222343	661.7999878
1316.760931	663.0
1317.299464	661.7999878
1317.83794	663.5999756
1318.37636	663.7999878
1318.914724	662.4000244
1319.453032	661.0
1319.991284	662.0
1320.52948	659.7999878
1321.067619	659.7999878
1321.605702	663.0
1322.143729	661.5999756
1322.681701	663.0
1323.219615	663.5999756
1323.757474	659.7999878
1324.295277	662.2000122
1324.833023	662.7999878
1325.370714	662.0
1325.908348	661.0
1326.445927	663.0
1326.983449	660.7999878
1327.520915	663.0
1328.058325	662.4000244
1328.595679	661.5999756
1329.132976	659.7999878
1329.670218	661.0
1330.207404	664.2000122
1330.744533	660.7999878
1331.281607	662.5999756
1331.818624	661.7999878
1332.355586	660.5999756
1332.892491	662.2000122
1333.42934	662.4000244
1333.966134	658.4000244
1334.502871	663.0
1335.039552	663.5999756
1335.576177	662.2000122
1336.112746	661.2000122
1336.649259	659.2000122
1337.185716	660.4000244
1337.722117	665.0
1338.258462	661.5999756
1338.794751	663.0
1339.330984	662.7999878
1339.867161	662.0
1340.403282	663.4000244
1340.939347	661.5999756
1341.475356	662.5999756
1342.011309	661.2000122
1342.547206	663.0
1343.083047	660.7999878
1343.618832	663.4000244
1344.154562	658.7999878
1344.690235	660.4000244
1345.225852	662.5999756
1345.761413	661.7999878
1346.296918	658.7999878
1346.832368	661.7999878
1347.367761	663.5999756
1347.903098	661.5999756
1348.43838	660.7999878
1348.973605	666.2000122
1349.508775	662.5999756
1350.043889	659.5999756
1350.578946	660.2000122
1351.113948	663.4000244
1351.648894	664.4000244
1352.183784	662.2000122
1352.718618	660.2000122
1353.253397	661.7999878
1353.788119	661.7999878
1354.322785	662.0
1354.857396	662.5999756
1355.39195	661.4000244
1355.926449	662.2000122
1356.460892	661.5999756
1356.995279	662.2000122
1357.52961	660.5999756
1358.063885	660.7999878
1358.598105	660.5999756
1359.132268	663.2000122
1359.666376	662.4000244
1360.200428	666.4000244
1360.734424	662.5999756
1361.268364	661.4000244
1361.802248	664.4000244
1362.336076	661.0
1362.869849	661.0
1363.403566	661.7999878
1363.937227	660.2000122
1364.470832	664.4000244
1365.004381	662.2000122
1365.537875	662.5999756
1366.071312	662.7999878
1366.604694	662.7999878
1367.13802	667.0
1367.671291	661.5999756
1368.204505	663.5999756
1368.737664	661.2000122
1369.270767	664.5999756
1369.803814	665.0
1370.336805	673.4000244
1370.869741	678.7999878
1371.40262	661.0
1371.935445	662.7999878
1372.468213	666.5999756
1373.000925	660.5999756
1373.533582	665.5999756
1374.066183	660.5999756
1374.598728	662.0
1375.131218	663.7999878
1375.663652	662.0
1376.19603	664.7999878
1376.728352	664.7999878
1377.260619	664.7999878
1377.79283	659.7999878
1378.324985	662.4000244
1378.857084	662.5999756
1379.389128	664.7999878
1379.921116	664.5999756
1380.453048	664.7999878
1380.984925	662.7999878
1381.516746	664.2000122
1382.048511	662.2000122
1382.580221	664.4000244
1383.111874	663.2000122
1383.643473	666.5999756
1384.175015	664.5999756
1384.706502	668.0
1385.237933	666.4000244
1385.769309	669.0
1386.300629	677.0
1386.831893	678.0
1387.363101	692.2000122
1387.894254	735.0
1388.425351	1030.800049
1388.956393	1636.0
1389.487379	1151.599976
1390.018309	749.5999756
1390.549184	698.2000122
1391.080003	676.5999756
1391.610767	672.4000244
1392.141475	669.2000122
1392.672127	666.4000244
1393.202723	666.4000244
1393.733265	663.7999878
1394.26375	664.5999756
1394.79418	665.4000244
1395.324554	664.7999878
1395.854873	663.4000244
1396.385136	662.7999878
1396.915343	662.7999878
1397.445495	665.2000122
1397.975592	662.2000122
1398.505632	661.7999878
1399.035618	664.4000244
1399.565547	662.2000122
1400.095421	665.0
1400.62524	662.0
1401.155003	663.5999756
1401.68471	661.2000122
1402.214362	661.4000244
1402.743959	663.4000244
1403.273499	662.4000244
1403.802985	662.2000122
1404.332415	661.4000244
1404.861789	662.5999756
1405.391108	667.2000122
1405.920371	661.5999756
1406.449579	662.2000122
1406.978731	667.0
1407.507828	665.0
1408.036869	666.5999756
1408.565854	669.0
1409.094785	669.0
1409.623659	690.4000244
1410.152479	729.2000122
1410.681243	730.4000244
1411.209951	681.0
1411.738604	669.2000122
1412.267201	664.4000244
1412.795743	665.0
1413.32423	662.4000244
1413.852661	662.5999756
1414.381036	661.5999756
1414.909356	663.0
1415.437621	662.7999878
1415.96583	666.5999756
1416.493984	663.2000122
1417.022082	664.0
1417.550125	661.7999878
1418.078113	661.5999756
1418.606045	664.7999878
1419.133922	661.2000122
1419.661743	663.4000244
1420.189509	662.0
1420.717219	661.5999756
1421.244874	662.2000122
1421.772474	661.5999756
1422.300018	661.5999756
1422.827507	661.4000244
1423.354941	661.5999756
1423.882319	662.2000122
1424.409642	665.0
1424.936909	660.7999878
1425.464121	662.2000122
1425.991278	665.4000244
1426.518379	662.7999878
1427.045425	662.0
1427.572416	662.7999878
1428.099351	659.7999878
1428.626231	660.0
1429.153055	661.4000244
1429.679824	663.2000122
1430.206538	660.7999878
1430.733197	662.0
1431.2598	662.0
1431.786348	659.2000122
1432.312841	663.2000122
1432.839278	661.0
1433.36566	661.7999878
1433.891987	662.7999878
1434.418258	662.4000244
1434.944474	661.4000244
1435.470635	661.4000244
1435.99674	660.7999878
1436.522791	659.0
1437.048786	661.5999756
1437.574725	658.7999878
1438.10061	662.7999878
1438.626439	661.4000244
1439.152213	663.0
1439.677931	659.5999756
1440.203595	670.5999756
1440.729203	661.5999756
1441.254756	660.0
1441.780253	658.7999878
1442.305696	659.4000244
1442.831083	661.4000244
1443.356415	662.0
1443.881691	660.4000244
1444.406913	661.0
1444.932079	659.0
1445.45719	659.4000244
1445.982246	660.4000244
1446.507246	658.2000122
1447.032192	661.2000122
1447.557082	660.5999756
1448.081917	659.4000244
1448.606696	661.0
1449.131421	659.5999756
1449.65609	661.2000122
1450.180705	659.2000122
1450.705264	658.4000244
1451.229768	660.2000122
1451.754216	660.5999756
1452.27861	660.0
1452.802948	660.5999756
1453.327231	661.2000122
1453.851459	658.7999878
1454.375632	661.2000122
1454.89975	660.2000122
1455.423813	661.0
1455.94782	658.7999878
1456.471772	661.2000122
1456.99567	660.5999756
1457.519512	661.4000244
1458.043299	660.7999878
1458.567031	656.5999756
1459.090707	660.5999756
1459.614329	660.4000244
1460.137895	661.5999756
1460.661407	659.5999756
1461.184863	659.4000244
1461.708264	661.5999756
1462.23161	657.5999756
1462.754901	659.5999756
1463.278137	665.4000244
1463.801318	663.7999878
1464.324444	657.7999878
1464.847515	659.2000122
1465.37053	660.5999756
1465.893491	659.4000244
1466.416396	658.7999878
1466.939247	658.7999878
1467.462042	657.5999756
1467.984783	661.0
1468.507468	659.2000122
1469.030098	655.7999878
1469.552674	660.2000122
1470.075194	658.7999878
1470.597659	659.4000244
1471.120069	657.5999756
1471.642424	657.2000122
1472.164724	659.0
1472.68697	658.4000244
1473.20916	659.7999878
1473.731295	659.4000244
1474.253375	659.4000244
1474.7754	657.4000244
1475.29737	658.4000244
1475.819285	658.4000244
1476.341145	657.7999878
1476.86295	661.5999756
1477.384701	657.5999756
1477.906396	658.7999878
1478.428036	658.5999756
1478.949621	659.4000244
1479.471152	658.7999878
1479.992627	658.4000244
1480.514047	659.5999756
1481.035413	657.5999756
1481.556723	655.2000122
1482.077979	658.7999878
1482.59918	658.5999756
1483.120325	659.5999756
1483.641416	657.5999756
1484.162452	658.2000122
1484.683433	658.0
1485.204359	659.0
1485.72523	662.0
1486.246046	657.0
1486.766807	657.4000244
1487.287514	660.0
1487.808165	658.0
1488.328762	660.5999756
1488.849303	660.7999878
1489.36979	659.4000244
1489.890222	659.0
1490.410599	659.2000122
1490.930921	660.2000122
1491.451188	657.7999878
1491.971401	655.5999756
1492.491558	656.5999756
1493.011661	659.4000244
1493.531709	658.2000122
1494.051702	660.2000122
1494.57164	656.5999756
1495.091523	659.5999756
1495.611352	659.5999756
1496.131125	656.7999878
1496.650844	659.5999756
1497.170508	659.0
1497.690117	659.7999878
1498.209671	658.2000122
1498.729171	657.5999756
1499.248616	658.7999878
1499.768005	656.5999756
1500.28734	656.7999878
1500.806621	655.4000244
1501.325846	657.0
1501.845017	658.0
1502.364133	659.2000122
1502.883194	659.5999756
1503.4022	657.2000122
1503.921152	657.0
1504.440049	660.4000244
1504.958891	658.2000122
1505.477678	658.5999756
1505.99641	659.2000122
1506.515088	659.2000122
1507.033711	657.4000244
1507.552279	659.5999756
1508.070793	658.4000244
1508.589251	657.4000244
1509.107655	659.0
1509.626005	659.2000122
1510.144299	659.2000122
1510.662539	657.4000244
1511.180724	657.5999756
1511.698854	660.2000122
1512.21693	657.5999756
1512.734951	660.5999756
1513.252917	655.7999878
1513.770829	657.2000122
1514.288686	659.4000244
1514.806488	655.4000244
1515.324235	655.2000122
1515.841928	657.2000122
1516.359566	657.7999878
1516.877149	655.7999878
1517.394678	659.2000122
1517.912152	656.5999756
1518.429572	658.7999878
1518.946936	658.0
1519.464246	660.4000244
1519.981502	658.7999878
1520.498702	658.5999756
1521.015849	659.0
1521.53294	657.4000244
1522.049977	659.4000244
1522.566959	658.7999878
1523.083887	659.5999756
1523.60076	658.4000244
1524.117578	666.0
1524.634342	659.7999878
1525.151051	656.0
1525.667705	659.7999878
1526.184305	657.7999878
1526.70085	662.2000122
1527.217341	658.4000244
1527.733777	658.0
1528.250158	661.2000122
1528.766485	661.0
1529.282757	659.0
1529.798975	658.0
1530.315138	657.2000122
1530.831247	656.7999878
1531.347301	660.0
1531.8633	658.5999756
1532.379245	658.0
1532.895135	662.5999756
1533.410971	655.2000122
1533.926752	657.2000122
1534.442479	656.5999756
1534.958151	665.2000122
1535.473769	656.0
1535.989332	659.7999878
1536.50484	656.4000244
1537.020294	657.7999878
1537.535694	658.5999756
1538.051039	659.0
1538.566329	657.7999878
1539.081565	658.2000122
1539.596746	659.4000244
1540.111873	655.2000122
1540.626946	659.0
1541.141964	657.5999756
1541.656927	657.0
1542.171836	658.2000122
1542.68669	658.0
1543.20149	659.5999756
1543.716236	659.7999878
1544.230927	657.4000244
1544.745563	657.5999756
1545.260146	659.5999756
1545.774673	658.2000122
1546.289146	659.2000122
1546.803565	657.5999756
1547.317929	656.7999878
1547.832239	658.5999756
1548.346495	659.7999878
1548.860696	657.0
1549.374842	659.7999878
1549.888934	656.5999756
1550.402972	659.4000244
1550.916955	658.4000244
1551.430884	656.0
1551.944758	655.7999878
1552.458578	657.5999756
1552.972344	659.2000122
1553.486055	658.7999878
1553.999712	659.4000244
1554.513315	658.7999878
1555.026863	660.0
1555.540356	657.5999756
1556.053796	658.7999878
1556.56718	659.7999878
1557.080511	659.2000122
1557.593787	659.7999878
1558.107009	659.2000122
1558.620176	658.5999756
1559.133289	660.4000244
1559.646348	657.2000122
1560.159352	659.4000244
1560.672302	657.5999756
1561.185198	657.4000244
1561.698039	659.7999878
1562.210826	660.7999878
1562.723559	660.2000122
1563.236237	659.4000244
1563.748862	658.4000244
1564.261431	659.5999756
1564.773947	658.4000244
1565.286408	661.7999878
1565.798814	659.0
1566.311167	662.5999756
1566.823465	661.5999756
1567.335709	658.7999878
1567.847899	659.7999878
1568.360034	658.0
1568.872115	659.0
1569.384142	660.7999878
1569.896114	658.0
1570.408032	656.7999878
1570.919896	658.0
1571.431706	659.0
1571.943461	656.2000122
1572.455162	655.0
1572.966809	660.5999756
1573.478402	657.0
1573.98994	661.0
1574.501424	660.7999878
1575.012854	657.4000244
1575.52423	658.4000244
1576.035552	658.2000122
1576.546819	660.2000122
1577.058032	656.5999756
1577.569191	658.5999756
1578.080295	656.7999878
1578.591345	655.7999878
1579.102342	657.4000244
1579.613284	658.5999756
1580.124171	659.4000244
1580.635005	656.5999756
1581.145784	659.5999756
1581.65651	658.4000244
1582.167181	658.7999878
1582.677797	657.7999878
1583.18836	659.7999878
1583.698869	656.5999756
1584.209323	658.2000122
1584.719723	659.7999878
1585.230069	658.7999878
1585.740361	659.2000122
1586.250599	658.7999878
1586.760782	658.4000244
1587.270912	657.5999756
1587.780987	658.2000122
1588.291008	656.2000122
1588.800975	659.4000244
1589.310888	657.4000244
1589.820747	659.5999756
1590.330551	656.7999878
1590.840302	657.2000122
1591.349998	654.5999756
1591.85964	657.7999878
1592.369229	655.7999878
1592.878763	657.2000122
1593.388243	661.7999878
1593.897669	658.2000122
1594.40704	658.2000122
1594.916358	656.5999756
1595.425622	657.2000122
1595.934831	659.2000122
1596.443987	657.5999756
1596.953088	656.4000244
1597.462136	656.5999756
1597.971129	661.2000122
1598.480068	656.4000244
1598.988953	659.0
1599.497785	658.2000122
1600.006562	660.0
1600.515285	657.0
1601.023954	655.7999878
1601.532569	661.7999878
1602.04113	658.4000244
1602.549637	658.2000122
1603.05809	659.0
1603.566488	659.5999756
1604.074833	657.0
1604.583124	656.0
1605.091361	659.0
1605.599544	656.5999756
1606.107673	660.4000244
1606.615748	658.0
1607.123768	658.2000122
1607.631735	658.4000244
1608.139648	659.2000122
1608.647507	659.4000244
1609.155312	660.2000122
1609.663063	656.5999756
1610.17076	657.0
1610.678403	655.2000122
1611.185992	657.7999878
1611.693527	658.2000122
1612.201009	658.0
1612.708436	657.5999756
1613.215809	657.5999756
1613.723128	659.5999756
1614.230394	659.4000244
1614.737605	660.7999878
1615.244763	658.7999878
1615.751866	660.7999878
1616.258916	658.2000122
