1069.640179	9.887286186
1073.588456	7.701833248
1075.843351	8.31009388
1076.406931	8.31216526
1079.223969	4.922496319
1081.476566	5.530817986
1082.60252	5.734972477
1085.416401	4.545316219
1085.979005	4.547387123
1092.163865	4.570170403
1092.725781	5.572241783
1093.287639	5.574312687
1096.657588	4.986703396
1097.219045	4.188786507
1100.025473	4.199142456
1100.586587	0.8012505174
1101.147643	2.403297186
1101.708643	4.205356121
1102.269585	2.607451916
1102.830469	4.009486198
1103.391297	0.6115942597
1103.952067	0.6136654615
1104.51278	3.615736723
1105.073436	3.617807865
1105.634034	4.419867039
1106.194576	2.821962357
1106.75506	6.223997116
1107.315487	3.026056051
1107.875856	0.4281515777
1108.436169	5.230210781
1108.996424	2.032269478
1109.556622	4.234353065
1110.116763	3.836460829
1110.676846	1.638519764
1111.236873	1.640590906
1111.796842	2.842674255
1112.356754	5.844745636
1112.916609	2.246780157
1113.476407	4.048839092
1114.036147	4.650947094
1114.59583	4.252993584
1115.155457	3.255064726
1115.715026	2.257136106
1116.274537	-0.9408049583
1116.833992	1.061266184
1117.39339	3.263349533
1117.95273	0.6654452085
1118.512013	1.467504144
1119.071239	3.869599819
1119.630408	3.071622133
1120.18952	1.073693395
1120.748575	3.875813484
1121.307572	1.877884626
1121.866513	3.879955769
1122.425396	4.281990528
1122.984222	7.284061432
1123.542992	2.686157227
1124.101704	2.488216162
1124.660358	2.290275097
1125.218956	3.092334032
1125.777497	1.894454122
1126.335981	4.296488762
1126.894407	3.298559904
1127.452777	1.70065546
1128.011089	2.702726603
1128.569344	2.704797745
1129.127543	1.906881213
1129.685684	1.108903646
1130.243768	0.3109869957
1130.801795	2.713082552
1131.359765	1.91516602
1131.917678	2.517212868
1132.475534	1.919308424
1133.033333	3.321342945
1133.591075	-0.07654922456
1134.148759	2.525497437
1134.706387	1.527568698
1135.263958	0.9296643734
1135.821472	0.9317355156
1136.378928	2.13375783
1136.936328	-0.06412207335
1137.493671	3.137900352
1138.050956	0.9400203228
1138.608185	0.9420915246
1139.165357	-1.255849481
1139.722471	-0.6538027525
1140.279529	1.748292923
1140.83653	0.3503396511
1141.393473	0.5524230599
1141.95036	1.354482055
1142.50719	1.956589818
1143.063963	1.958661079
1143.620678	0.9607322216
1144.177337	2.762791157
1144.733939	4.56485033
1145.290484	0.3669091761
1145.846972	0.168968156
1146.403403	2.571063757
1146.959777	0.3731227517
1147.516094	3.775218248
1148.072354	1.377265096
1148.628558	2.17932415
1149.184704	2.98144412
1149.740794	2.183466434
1150.296826	-0.01441348717
1150.852802	-0.4123667181
1151.40872	3.389692307
1151.964582	0.1917512566
1152.520387	0.5938468575
1153.076135	0.7959302664
1153.631826	-0.8020351529
1154.18746	1.600060463
1154.743037	2.002156019
1155.298558	2.204178333
1155.854021	1.806286216
1156.409428	2.008369684
1156.964777	1.810428619
1157.52007	2.21246314
1158.075306	1.814571023
1158.630485	-0.5833822489
1159.185608	0.4186889529
1159.740673	-1.579239845
1160.295682	-2.77718091
1160.850633	2.624914646
1161.405528	1.027010322
1161.960366	-0.5709550977
1162.515147	0.4311161041
1163.069872	0.03322391212
1163.624539	0.8352829218
1164.17915	0.2373174578
1164.733704	1.639413118
1165.288201	1.641484261
1165.842641	-0.1564323455
1166.397025	-1.554385543
1166.951351	-0.7523266077
1167.505621	1.249744654
1168.059834	0.4518280029
1168.61399	0.2538869977
1169.16809	0.6559826136
1169.722132	-1.541958451
1170.276118	-1.339874983
1170.830047	1.662196159
1171.38392	1.464255214
1171.937735	-0.933637023
1172.491494	-0.1315780431
1173.045196	0.4704687297
1173.598841	-2.727472305
1174.15243	1.474611163
1174.705962	-0.7233299017
1175.259437	0.8787779212
1175.812855	-0.3191631138
1176.366216	0.2828836739
1176.919521	0.2849548757
1177.472769	-0.1129373237
1178.02596	0.08914607018
1178.579095	-1.508819342
1179.132173	-2.306735992
1179.685194	0.6953352094
1180.238158	-0.1025813669
1180.791066	-0.5005345941
1181.343917	0.1015732214
1181.896711	-2.696404457
1182.449449	-1.094296575
1183.00213	-2.29223752
1183.554754	-2.890141964
1184.107322	0.5118925571
1184.659833	0.913988173
1185.212287	-0.6839772463
1185.764684	0.1181427538
1186.317025	2.520177364
1186.869309	2.122285128
1187.421537	-1.275668144
1187.973707	-0.2735969126
1188.525822	1.928486466
1189.077879	2.330521107
1189.62988	-0.267383337
1190.181824	-1.065299869
1190.733712	-3.063228846
1191.285543	-1.261169791
1191.837317	0.7409014106
1192.389035	-2.057015181
1192.940696	0.5450316072
1193.4923	-1.052872777
1194.043848	-1.850789428
1194.595339	-0.8487181664
1195.146774	0.7533285618
1195.698152	0.5553875566
1196.249473	2.157495499
1196.800738	-0.4404700398
1197.351946	1.761613369
1197.903098	-1.636339903
1198.454193	-1.634268641
1199.005231	-0.4321852922
1199.556213	-0.03008967638
1201.208819	-1.823863864
1209.464214	-2.192820549
1212.762811	-3.180393219
1216.608605	-2.165894985
1222.097796	0.6548047662
1222.646405	-0.943099618
1226.485087	-1.728589058
1230.321005	1.285909295
1231.964124	-2.30791378
1251.096398	1.16460228
1251.642022	1.56663692
1259.274849	1.795645714
1262.542689	1.408109546
1263.087133	2.010156393
1263.63152	4.812215328
1264.175852	5.214311123
1264.720127	10.01636982
1266.352615	9.822570801
1267.44066	2.226737976
1270.15979	1.837069631
1281.564827	2.280589104
1282.107307	3.282660246
1283.734412	9.088861465
1284.276669	14.29094505
1284.818869	46.29301453
1285.361013	185.6950531
1285.903102	293.4971619
1286.445134	93.89920807
1286.98711	21.50131226
1287.529031	9.703335762
1288.070895	7.305443287
1290.779377	1.515811443
1293.48646	4.526167393
1296.733113	-1.261454225
1301.058851	2.755115271
1301.599317	-1.442764759
1305.381012	0.5717336535
1309.15997	-3.213816881
1314.014609	-0.9951639175
1322.095628	0.8358917236
1322.633916	1.23798728
1324.248447	2.244200945
1326.938216	0.6545812488
1329.089028	3.262841702
1333.387978	2.07939887
1334.462159	2.083541393
1337.683364	1.295980692
1338.220037	1.498064041
1339.293215	2.10218215
1348.941806	4.939451218
1350.548153	0.9456648827
1352.154	1.751927257
1359.10689	0.5788405538
1366.050396	2.605766058
1366.584124	2.6078372
1367.117795	2.609908342
1371.385174	2.42646575
1375.116218	1.240951896
1377.779587	1.451320052
1384.166022	4.676186562
1386.293062	5.68447113
1386.824683	9.686542511
1387.356249	16.08857727
1387.88776	35.09064865
1388.419216	169.0927124
1388.950616	508.6947632
1389.48196	213.6968994
1390.01325	33.09893417
1390.544484	14.30101681
1391.075663	4.103075504
1391.606786	4.105146408
1393.199824	2.511384487
1393.730726	1.913480163
1395.323101	0.919693768
1396.914978	1.125858545
1399.567	1.936263323
1404.8669	0.7569630146
1409.102842	5.573520184
1409.632086	19.77560425
1410.161276	38.77767563
1410.690409	33.17971039
1411.219488	7.181780815
1411.748512	3.383864164
1412.27748	2.385935307
1415.978712	3.600445747
1416.507239	2.202492476
1417.035711	1.004612565
1418.620795	2.41078949
1423.900823	-1.368486285
1424.956168	1.635655999
1426.538771	1.841881871
1427.066195	2.643940926
1429.702489	1.654296756
1432.337405	0.464640528
1432.864224	1.266699553
1434.970945	1.875020862
1436.023976	1.479138851
1436.550409	1.481209993
1437.076787	1.483281255
1441.285827	-2.100124836
1445.491347	-1.483579755
1455.465355	-1.644239306
1460.182963	-1.425586343
1460.706867	-0.623527348
1463.325564	18.38682938
1469.08187	-2.390376091
1469.604842	-0.9882804751
1470.65062	-0.9841381311
1471.173427	-1.182079077
1473.786639	-2.171723127
1475.353909	-2.165509701
1482.661313	-2.136512995
1484.747171	-1.728203773
1495.163328	-1.686779976
1495.683562	-1.084733129
1499.843462	-1.668139219
1506.076754	1.156702876
1507.633848	-1.837083578
1510.227913	-1.826727629
1513.857312	-1.612217069
1516.966097	-1.599789858
1517.484037	-1.99774313
1518.519753	1.406423688
1522.660437	-1.577006817
1524.212294	4.429206848
1525.763661	4.235408306
1536.609501	1.678866506
1540.219447	-3.906610727
1541.76575	1.499627233
1543.826727	0.7078632116
1557.20188	-1.438236952
1562.849548	1.784497261
1564.388681	1.790710926
1570.540335	2.015577316
1571.564852	-0.7802680135
1581.286953	-1.540903211
1581.798101	1.261155844
1582.309195	1.063214779
1583.842152	-3.930571556
1584.353029	-1.128512621
1584.863853	-1.126441479
1587.417158	-1.116085529
1596.597863	1.721244693
1599.654207	-1.266328096
1601.69069	-2.058092117
1604.743794	2.554371595
1605.252456	-1.443557262
1609.827983	1.17505908
1610.844174	1.179201484
1614.399142	-1.606287956
