 1.068511583E+03	 3.165482330E+01
 1.069075910E+03	 3.206991577E+01
 1.069640179E+03	 3.048494339E+01
 1.070204391E+03	 3.270001984E+01
 1.070768546E+03	 2.871508598E+01
 1.071332643E+03	 2.833018684E+01
 1.071896682E+03	 2.754520416E+01
 1.072460665E+03	 2.936031723E+01
 1.073024589E+03	 3.037538338E+01
 1.073588456E+03	 2.619043541E+01
 1.074152266E+03	 2.680547714E+01
 1.074716018E+03	 2.622056580E+01
 1.075279713E+03	 3.023563194E+01
 1.075843351E+03	 2.805068588E+01
 1.076406931E+03	 2.106575012E+01
 1.076970453E+03	 2.768079185E+01
 1.077533918E+03	 2.369585609E+01
 1.078097326E+03	 2.571092224E+01
 1.078660676E+03	 2.292599869E+01
 1.079223969E+03	 3.014107704E+01
 1.079787204E+03	 2.335615349E+01
 1.080350382E+03	 2.657123184E+01
 1.080913503E+03	 2.638628578E+01
 1.081476566E+03	 2.820133781E+01
 1.082039572E+03	 2.481637955E+01
 1.082602520E+03	 2.123146820E+01
 1.083165411E+03	 2.364655876E+01
 1.083728245E+03	 2.006158638E+01
 1.084291021E+03	 2.567668915E+01
 1.084853740E+03	 1.809171677E+01
 1.085416401E+03	 2.410678291E+01
 1.085979005E+03	 1.952187157E+01
 1.086541552E+03	 2.253693771E+01
 1.087104041E+03	 2.215197945E+01
 1.087666473E+03	 1.736705589E+01
 1.088228848E+03	 1.978214645E+01
 1.088791165E+03	 2.499716187E+01
 1.089353425E+03	 1.761226463E+01
 1.089915628E+03	 2.102729225E+01
 1.090477773E+03	 2.044238281E+01
 1.091039861E+03	 2.345744705E+01
 1.091601892E+03	 1.767252541E+01
 1.092163865E+03	 2.088760185E+01
 1.092725781E+03	 2.130263138E+01
 1.093287639E+03	 2.091773415E+01
 1.093849441E+03	 1.813274956E+01
 1.094411185E+03	 1.454783916E+01
 1.094972871E+03	 1.876291656E+01
 1.095534501E+03	 2.117794609E+01
 1.096096073E+03	 2.379304695E+01
 1.096657588E+03	 1.900812531E+01
 1.097219045E+03	 1.662316513E+01
 1.097780445E+03	 1.703825569E+01
 1.098341788E+03	 1.965329552E+01
 1.098903074E+03	 2.126833725E+01
 1.099464302E+03	 1.708345222E+01
 1.100025473E+03	 2.049847984E+01
 1.100586587E+03	 2.331353378E+01
 1.101147643E+03	 2.152861023E+01
 1.101708643E+03	 1.474368858E+01
 1.102269585E+03	 1.895876503E+01
 1.102830469E+03	 1.477381897E+01
 1.103391297E+03	 1.338885975E+01
 1.103952067E+03	 1.640392494E+01
 1.104512780E+03	 1.861900330E+01
 1.105073436E+03	 1.683407974E+01
 1.105634034E+03	 1.984914589E+01
 1.106194576E+03	 1.746418571E+01
 1.106755060E+03	 2.087927628E+01
 1.107315487E+03	 1.169432831E+01
 1.107875856E+03	 1.530943108E+01
 1.108436169E+03	 2.032449532E+01
 1.108996424E+03	 1.933956146E+01
 1.109556622E+03	 1.875458908E+01
 1.110116763E+03	 1.456964302E+01
 1.110676846E+03	 1.898473358E+01
 1.111236873E+03	 1.979978561E+01
 1.111796842E+03	 1.381485081E+01
 1.112356754E+03	 1.902992821E+01
 1.112916609E+03	 1.324500561E+01
 1.113476407E+03	 1.986004639E+01
 1.114036147E+03	 1.467510033E+01
 1.114595830E+03	 1.369016552E+01
 1.115155457E+03	 1.910525513E+01
 1.115715026E+03	 1.412032032E+01
 1.116274537E+03	 1.653540993E+01
 1.116833992E+03	 1.235046291E+01
 1.117393390E+03	 9.765491486E+00
 1.117952730E+03	 1.598056889E+01
 1.118512013E+03	 1.659567070E+01
 1.119071239E+03	 1.481068707E+01
 1.119630408E+03	 1.162580204E+01
 1.120189520E+03	 1.404083061E+01
 1.120748575E+03	 1.205589581E+01
 1.121307572E+03	 1.407096100E+01
 1.121866513E+03	 1.068606281E+01
 1.122425396E+03	 1.350111580E+01
 1.122984222E+03	 2.171619415E+01
 1.123542992E+03	 1.973125839E+01
 1.124101704E+03	 1.814628792E+01
 1.124660358E+03	 1.676138878E+01
 1.125218956E+03	 1.577645493E+01
 1.125777497E+03	 1.799147034E+01
 1.126335981E+03	 1.600653648E+01
 1.126894407E+03	 1.862163734E+01
 1.127452777E+03	 2.063670349E+01
 1.128011089E+03	 2.325174522E+01
 1.128569344E+03	 2.566683388E+01
 1.129127543E+03	 1.948188782E+01
 1.129685684E+03	 2.249695206E+01
 1.130243768E+03	 1.611199379E+01
 1.130801795E+03	 1.632707024E+01
 1.131359765E+03	 1.454214859E+01
 1.131917678E+03	 1.735720062E+01
 1.132475534E+03	 1.237226677E+01
 1.133033333E+03	 1.378735638E+01
 1.133591075E+03	 2.020238495E+01
 1.134148759E+03	 1.321745014E+01
 1.134706387E+03	 1.503256416E+01
 1.135263958E+03	 9.047629356E+00
 1.135821472E+03	 5.262646198E+00
 1.136378928E+03	 1.127771091E+01
 1.136936328E+03	 8.492789268E+00
 1.137493671E+03	 1.110789108E+01
 1.138050956E+03	 8.122956276E+00
 1.138608185E+03	 1.133797264E+01
 1.139165357E+03	 1.095307446E+01
 1.139722471E+03	 7.368103027E+00
 1.140279529E+03	 1.338316822E+01
 1.140836530E+03	 5.398233414E+00
 1.141393473E+03	 1.121334743E+01
 1.141950360E+03	 1.082838821E+01
 1.142507190E+03	 8.043466568E+00
 1.143063963E+03	 1.125854397E+01
 1.143620678E+03	 8.873584747E+00
 1.144177337E+03	 9.488625526E+00
 1.144733939E+03	 8.903715134E+00
 1.145290484E+03	 6.118792534E+00
 1.145846972E+03	 7.133857727E+00
 1.146403403E+03	 8.348935127E+00
 1.146959777E+03	 6.763964176E+00
 1.147516094E+03	 6.979041576E+00
 1.148072354E+03	 2.794094563E+00
 1.148628558E+03	 8.009172440E+00
 1.149184704E+03	 6.424261570E+00
 1.149740794E+03	 6.039302349E+00
 1.150296826E+03	 3.654343367E+00
 1.150852802E+03	 6.269445419E+00
 1.151408720E+03	 4.484522820E+00
 1.151964582E+03	 7.699539185E+00
 1.152520387E+03	 4.714604378E+00
 1.153076135E+03	 6.929682255E+00
 1.153631826E+03	 6.944747448E+00
 1.154187460E+03	 5.159824848E+00
 1.154743037E+03	 6.574914455E+00
 1.155298558E+03	 2.189955473E+00
 1.155854021E+03	 8.804996490E+00
 1.156409428E+03	 3.220086098E+00
 1.156964777E+03	 3.635175705E+00
 1.157520070E+03	 5.050204277E+00
 1.158075306E+03	 4.665306091E+00
 1.158630485E+03	 8.280346870E+00
 1.159185608E+03	 4.295412540E+00
 1.159740673E+03	 4.710502148E+00
 1.160295682E+03	 2.525555134E+00
 1.160850633E+03	 8.740633011E+00
 1.161405528E+03	-2.044350863E+00
 1.161960366E+03	 3.707388341E-01
 1.162515147E+03	 1.785828471E+00
 1.163069872E+03	 4.000844955E+00
 1.163624539E+03	 4.815958977E+00
 1.164179150E+03	 3.030975580E+00
 1.164733704E+03	 3.646077394E+00
 1.165288201E+03	 6.461130619E+00
 1.165842641E+03	 4.076171398E+00
 1.166397025E+03	 1.691273332E+00
 1.166951351E+03	-1.693685770E+00
 1.167505621E+03	 1.521391630E+00
 1.168059834E+03	 2.136432648E+00
 1.168613990E+03	 1.551522255E+00
 1.169168090E+03	 2.966611862E+00
 1.169722132E+03	 7.816650271E-01
 1.170276118E+03	 5.967180729E-01
 1.170830047E+03	-3.882166147E-01
 1.171383920E+03	 4.268364608E-01
 1.171937735E+03	 2.041938305E+00
 1.172491494E+03	-1.942996383E+00
 1.173045196E+03	-9.279310703E-01
 1.173598841E+03	 2.287085295E+00
 1.174152430E+03	 1.902187228E+00
 1.174705962E+03	 1.717240334E+00
 1.175259437E+03	 3.132329941E+00
 1.175812855E+03	-1.452641249E+00
 1.176366216E+03	-3.437576056E+00
 1.176919521E+03	 1.377477050E+00
 1.177472769E+03	 9.925789833E-01
 1.178025960E+03	-2.992355824E+00
 1.178579095E+03	-1.777278185E+00
 1.179132173E+03	-1.622373611E-01
 1.179685194E+03	 2.452803612E+00
 1.180238158E+03	-9.320945740E-01
 1.180791066E+03	-1.317053676E+00
 1.181343917E+03	-2.101976156E+00
 1.181896711E+03	-2.869231403E-01
 1.182449449E+03	 5.281299353E-01
 1.183002130E+03	 3.432440460E-01
 1.183554754E+03	-2.641690731E+00
 1.184107322E+03	 3.573325872E+00
 1.184659833E+03	-4.011584759E+00
 1.185212287E+03	-3.396543741E+00
 1.185764684E+03	 6.185216308E-01
 1.186317025E+03	-2.966388702E+00
 1.186869309E+03	-1.513355970E-01
 1.187421537E+03	-3.736245871E+00
 1.187973707E+03	-2.521168470E+00
 1.188525822E+03	-6.106139660E+00
 1.189077879E+03	-2.491037846E+00
 1.189629880E+03	-2.276021481E+00
 1.190181824E+03	-6.060944080E+00
 1.190733712E+03	-2.445842028E+00
 1.191285543E+03	 1.169198871E+00
 1.191837317E+03	-6.015748024E+00
 1.192389035E+03	-3.800670624E+00
 1.192940696E+03	-2.385580778E+00
 1.193492300E+03	-2.370515585E+00
 1.194043848E+03	-4.955486774E+00
 1.194595339E+03	-5.940421581E+00
 1.195146774E+03	-4.725344181E+00
 1.195698152E+03	-1.910291076E+00
 1.196249473E+03	-3.495201349E+00
 1.196800738E+03	-3.680148363E+00
 1.197351946E+03	-3.465070724E+00
 1.197903098E+03	-1.450005531E+00
 1.198454193E+03	-2.349280119E-01
 1.199005231E+03	-3.019911528E+00
 1.199556213E+03	-2.004846334E+00
 1.200107138E+03	-3.589756489E+00
 1.200658007E+03	-2.574691296E+00
 1.201208819E+03	-2.159601688E+00
 1.201759574E+03	-1.544560671E+00
 1.202310273E+03	-5.329483032E+00
 1.202860916E+03	-7.314417839E+00
 1.203411501E+03	-5.499364853E+00
 1.203962031E+03	-4.884324074E+00
 1.204512503E+03	-6.669246674E+00
 1.205062920E+03	-2.254156828E+00
 1.205613279E+03	-3.907931969E-02
 1.206163582E+03	-4.024013996E+00
 1.206713829E+03	-4.808997631E+00
 1.207264019E+03	-3.593919992E+00
 1.207814153E+03	-4.578855038E+00
 1.208364230E+03	-8.963752747E+00
 1.208914250E+03	-9.948687553E+00
 1.209464214E+03	-4.133634567E+00
 1.210014122E+03	 8.144295216E-02
 1.210563973E+03	-5.703540802E+00
 1.211113767E+03	-3.488463163E+00
 1.211663505E+03	-6.673409939E+00
 1.212213186E+03	-7.258320332E+00
 1.212762811E+03	-6.043242931E+00
 1.213312380E+03	-3.028177500E+00
 1.213861892E+03	-5.813099861E+00
 1.214411347E+03	-1.998046994E+00
 1.214960746E+03	-6.583018303E+00
 1.215510089E+03	-6.767904282E+00
 1.216059375E+03	-4.752839088E+00
 1.216608605E+03	-3.337810278E+00
 1.217157778E+03	-2.322745085E+00
 1.217706895E+03	-5.307679653E+00
 1.218255955E+03	-5.492626667E+00
 1.218804959E+03	 6.522438526E+00
 1.219353906E+03	-7.462496281E+00
 1.219902797E+03	-6.047406197E+00
 1.220451631E+03	-3.032341003E+00
 1.221000409E+03	-3.817263603E+00
 1.221549131E+03	-6.002210617E+00
 1.222097796E+03	-6.387169838E+00
 1.222646405E+03	-1.972079873E+00
 1.223194957E+03	-7.556990147E+00
 1.223743453E+03	-3.541924953E+00
 1.224291893E+03	-6.326908588E+00
 1.224840276E+03	-5.711806774E+00
 1.225388603E+03	-5.496728897E+00
 1.225936873E+03	-3.481663704E+00
 1.226485087E+03	-4.666610718E+00
 1.227033244E+03	-3.251582146E+00
 1.227581345E+03	-1.436468005E+00
 1.228129390E+03	-2.821427107E+00
 1.228677378E+03	-5.806361675E+00
 1.229225310E+03	-7.591284275E+00
 1.229773186E+03	-5.576219082E+00
 1.230321005E+03	-4.161190510E+00
 1.230868768E+03	-1.746100664E+00
 1.231416474E+03	-4.331010818E+00
 1.231964124E+03	-3.115994453E+00
 1.232511718E+03	-3.700904846E+00
 1.233059256E+03	-8.085864067E+00
 1.233606737E+03	-5.070798874E+00
 1.234154161E+03	-4.055733204E+00
 1.234701530E+03	-8.040668488E+00
 1.235248842E+03	-3.625578403E+00
 1.235796097E+03	-4.610513210E+00
 1.236343297E+03	-4.195423603E+00
 1.236890440E+03	-4.180357933E+00
 1.237437526E+03	-4.365304947E+00
 1.237984557E+03	 4.497480392E-01
 1.238531531E+03	-2.335174561E+00
 1.239078448E+03	-4.520121574E+00
 1.239625310E+03	-4.505055904E+00
 1.240172115E+03	-4.890015125E+00
 1.240718864E+03	-6.874949932E+00
 1.241265556E+03	-2.259848118E+00
 1.241812192E+03	-5.244782925E+00
 1.242358772E+03	-4.629742146E+00
 1.242905296E+03	-5.014639854E+00
 1.243451763E+03	-3.999574661E+00
 1.243998174E+03	-6.384533882E+00
 1.244544529E+03	-7.169456482E+00
 1.245090828E+03	-5.154391289E+00
 1.245637070E+03	-5.939313412E+00
 1.246183256E+03	-5.724297047E+00
 1.246729386E+03	-6.109195232E+00
 1.247275459E+03	-7.294142246E+00
 1.247821476E+03	-5.279077053E+00
 1.248367437E+03	-3.863987207E+00
 1.248913342E+03	-2.648970604E+00
 1.249459190E+03	-2.233880997E+00
 1.250004983E+03	-5.018803596E+00
 1.250550719E+03	-2.603774786E+00
 1.251096398E+03	-3.788660765E+00
 1.251642022E+03	-5.736442804E-01
 1.252187589E+03	-9.585424066E-01
 1.252733100E+03	-5.343501568E+00
 1.253278555E+03	-4.928411961E+00
 1.253823954E+03	-1.913346529E+00
 1.254369296E+03	-6.298305511E+00
 1.254914582E+03	-5.483252525E+00
 1.255459812E+03	-3.268175125E+00
 1.256004986E+03	-8.530853987E-01
 1.256550104E+03	-3.238044500E+00
 1.257095165E+03	-1.022966981E+00
 1.257640170E+03	-6.807889462E+00
 1.258185119E+03	-3.992836475E+00
 1.258730012E+03	-4.577746868E+00
 1.259274849E+03	-4.762693882E+00
 1.259819629E+03	 2.452383757E+00
 1.260364354E+03	-2.332599640E+00
 1.260909022E+03	-3.717497826E+00
 1.261453634E+03	 2.697530746E+00
 1.261998190E+03	-6.873672605E-01
 1.262542689E+03	-4.722897708E-01
 1.263087133E+03	-2.457224607E+00
 1.263631520E+03	 5.578407645E-01
 1.264175852E+03	 2.572906017E+00
 1.264720127E+03	 9.787922859E+00
 1.265264346E+03	 3.620301056E+01
 1.265808508E+03	 4.121807861E+01
 1.266352615E+03	 1.403313065E+01
 1.266896666E+03	 2.448220253E+00
 1.267440660E+03	-3.936738729E+00
 1.267984598E+03	-7.216613293E-01
 1.268528481E+03	-2.706596136E+00
 1.269072307E+03	-4.915185869E-01
 1.269616077E+03	-4.476453304E+00
 1.270159790E+03	-3.261375904E+00
 1.270703448E+03	-2.046359301E+00
 1.271247050E+03	-9.231245041E+00
 1.271790595E+03	-4.416192055E+00
 1.272334085E+03	-2.001163483E+00
 1.272877518E+03	 2.139139920E-01
 1.273420895E+03	-3.771020651E+00
 1.273964217E+03	 1.644068956E+00
 1.274507482E+03	-6.540877819E+00
 1.275050691E+03	-2.925837040E+00
 1.275593844E+03	-2.110723019E+00
 1.276136941E+03	-5.295670033E+00
 1.276679982E+03	-2.280604601E+00
 1.277222966E+03	-2.065527201E+00
 1.277765895E+03	-1.050461769E+00
 1.278308768E+03	-1.435420990E+00
 1.278851584E+03	-2.033125609E-02
 1.279394345E+03	-2.805314779E+00
 1.279937050E+03	-3.990200758E+00
 1.280479698E+03	-2.575171947E+00
 1.281022290E+03	-2.360094547E+00
 1.281564827E+03	-3.345029354E+00
 1.282107307E+03	-1.129951715E+00
 1.282649732E+03	 2.285076857E+00
 1.283192100E+03	 4.100191116E+00
 1.283734412E+03	 1.091524410E+01
 1.284276669E+03	 1.873029709E+01
 1.284818869E+03	 5.494537354E+01
 1.285361013E+03	 2.607604370E+02
 1.285903102E+03	 5.447755127E+02
 1.286445134E+03	 2.211905823E+02
 1.286987110E+03	 4.200563431E+01
 1.287529031E+03	 1.242066479E+01
 1.288070895E+03	 5.035766602E+00
 1.288612703E+03	 7.650807381E+00
 1.289154456E+03	-1.934103012E+00
 1.289696152E+03	 2.809744179E-01
 1.290237792E+03	-3.903972387E+00
 1.290779377E+03	 3.311105013E+00
 1.291320905E+03	-2.073854208E+00
 1.291862378E+03	-5.058788776E+00
 1.292403794E+03	-1.443747997E+00
 1.292945155E+03	-1.028658271E+00
 1.293486460E+03	 2.186419249E+00
 1.294027708E+03	-5.598503113E+00
 1.294568901E+03	-3.183474541E+00
 1.295110038E+03	-7.683849335E-01
 1.295651119E+03	 2.466803491E-01
 1.296192144E+03	-1.738254428E+00
 1.296733113E+03	 1.276810884E+00
 1.297274026E+03	-9.081360102E-01
 1.297814883E+03	-4.893070698E+00
 1.298355684E+03	-4.278029919E+00
 1.298896429E+03	-3.062952280E+00
 1.299437119E+03	-3.847874880E+00
 1.299977752E+03	-4.432785034E+00
 1.300518330E+03	-2.417719841E+00
 1.301058851E+03	-8.026790023E-01
 1.301599317E+03	-2.787613630E+00
 1.302139727E+03	-3.972560644E+00
 1.302680081E+03	-2.757483244E+00
 1.303220379E+03	-1.142442346E+00
 1.303760621E+03	-9.273648262E-01
 1.304300807E+03	-4.912299633E+00
 1.304840938E+03	-1.697221994E+00
 1.305381012E+03	-2.082181215E+00
 1.305921031E+03	-4.467079163E+00
 1.306460994E+03	-2.252001762E+00
 1.307000901E+03	-3.836973190E+00
 1.307540752E+03	-5.621895790E+00
 1.308080547E+03	-1.206805944E+00
 1.308620287E+03	-5.991789341E+00
 1.309159970E+03	-6.176675320E+00
 1.309699598E+03	-1.361622214E+00
 1.310239170E+03	 6.534430385E-01
 1.310778685E+03	-1.931528330E+00
 1.311318146E+03	-5.316426277E+00
 1.311857550E+03	-3.501373291E+00
 1.312396898E+03	-1.086283684E+00
 1.312936191E+03	-2.271230459E+00
 1.313475428E+03	-1.856201887E+00
 1.314014609E+03	-8.411366343E-01
 1.314553734E+03	-7.626059055E+00
 1.315092803E+03	-2.210969448E+00
 1.315631817E+03	-5.795940876E+00
 1.316170775E+03	-2.980826616E+00
 1.316709677E+03	-1.765810251E+00
 1.317248523E+03	-4.550732613E+00
 1.317787313E+03	-3.735679626E+00
 1.318326048E+03	-4.520602226E+00
 1.318864727E+03	-5.505537033E+00
 1.319403350E+03	 1.709540606E+00
 1.319941917E+03	-2.075381994E+00
 1.320480428E+03	-8.603043556E-01
 1.321018884E+03	-6.045251369E+00
 1.321557284E+03	-3.030185938E+00
 1.322095628E+03	-1.215132952E+00
 1.322633916E+03	-5.200067520E+00
 1.323172149E+03	-2.185002327E+00
 1.323710326E+03	-5.699614882E-01
 1.324248447E+03	-2.554896116E+00
 1.324786512E+03	-2.939794302E+00
 1.325324522E+03	-2.924729109E+00
 1.325862476E+03	-2.709651470E+00
 1.326400374E+03	-5.294622898E+00
 1.326938216E+03	-2.479569912E+00
 1.327476003E+03	-1.264492273E+00
 1.328013734E+03	-8.494026065E-01
 1.328551409E+03	-6.343251467E-01
 1.329089028E+03	-4.193086624E-01
 1.329626592E+03	-2.604194641E+00
 1.330164100E+03	-1.189165950E+00
 1.330701552E+03	-3.574064016E+00
 1.331238949E+03	 1.441001296E+00
 1.331776290E+03	 8.560299873E-01
 1.332313575E+03	-4.328917027E+00
 1.332850805E+03	-7.138150334E-01
 1.333387978E+03	-1.098774195E+00
 1.333925096E+03	-3.283721209E+00
 1.334462159E+03	 1.313685924E-01
 1.334999166E+03	 2.946421623E+00
 1.335536117E+03	-8.385008574E-01
 1.336073012E+03	-2.223459959E+00
 1.336609852E+03	-1.408345819E+00
 1.337146636E+03	-2.593292713E+00
 1.337683364E+03	-6.178264141E+00
 1.338220037E+03	-1.163198829E+00
 1.338756654E+03	 4.519030750E-01
 1.339293215E+03	-2.133068323E+00
 1.339829721E+03	 1.082009196E+00
 1.340366171E+03	-1.502901077E+00
 1.340902565E+03	 1.121397913E-01
 1.341438904E+03	-3.472770452E+00
 1.341975187E+03	-1.657717466E+00
 1.342511415E+03	-5.642652035E+00
 1.343047587E+03	-1.027611256E+00
 1.343583703E+03	-1.412509322E+00
 1.344119764E+03	 1.602555871E+00
 1.344655769E+03	-3.182366610E+00
 1.345191718E+03	-3.967350245E+00
 1.345727612E+03	-3.152235985E+00
 1.346263450E+03	 8.628292680E-01
 1.346799232E+03	-3.122105360E+00
 1.347334959E+03	-3.070523739E-01
 1.347870631E+03	-8.920237422E-01
 1.348406246E+03	-7.690961659E-02
 1.348941806E+03	-6.184433028E-02
 1.349477311E+03	-2.046779156E+00
 1.350012760E+03	-6.317504048E-01
 1.350548153E+03	 1.583327055E+00
 1.351083491E+03	-8.016320467E-01
 1.351618773E+03	-1.586554527E+00
 1.352154000E+03	-7.715014815E-01
 1.352689171E+03	 1.243563890E+00
 1.353224286E+03	 8.586657643E-01
 1.353759346E+03	-1.926256776E+00
 1.354294351E+03	 2.088808537E+00
 1.354829299E+03	-3.896126270E+00
 1.355364193E+03	 5.189024806E-01
 1.355899030E+03	-1.066007853E+00
 1.356433813E+03	 1.490696520E-01
 1.356968539E+03	 5.640982985E-01
 1.357503210E+03	-3.220824242E+00
 1.358037826E+03	 1.994253278E+00
 1.358572386E+03	 3.209330797E+00
 1.359106890E+03	 2.824371576E+00
 1.359641339E+03	 4.394125342E-01
 1.360175732E+03	-5.455222130E-01
 1.360710070E+03	-2.330444813E+00
 1.361244353E+03	-1.915354967E+00
 1.361778580E+03	 6.996858716E-01
 1.362312751E+03	-6.852122545E-01
 1.362846867E+03	-2.270183563E+00
 1.363380927E+03	-2.655081749E+00
 1.363914932E+03	 2.959959269E+00
 1.364448881E+03	-8.249632716E-01
 1.364982775E+03	 2.590065479E+00
 1.365516613E+03	 8.051428795E-01
 1.366050396E+03	 1.620195985E+00
 1.366584124E+03	 2.635261297E+00
 1.367117795E+03	 1.250363111E+00
 1.367651412E+03	-2.334608316E+00
 1.368184973E+03	-2.119530678E+00
 1.368718478E+03	 3.495571136E+00
 1.369251928E+03	-2.289412260E+00
 1.369785323E+03	 1.256773323E-01
 1.370318662E+03	 8.940730095E+00
 1.370851945E+03	 1.315580750E+01
 1.371385174E+03	 4.970860958E+00
 1.371918346E+03	 5.385950565E+00
 1.372451464E+03	 1.201003790E+00
 1.372984525E+03	 3.416081190E+00
 1.373517532E+03	-1.568853498E+00
 1.374050483E+03	-3.537759781E-01
 1.374583378E+03	 4.061252594E+00
 1.375116218E+03	 7.631796598E-02
 1.375649003E+03	-2.108628988E+00
 1.376181732E+03	-2.093563557E+00
 1.376714406E+03	 1.521538258E+00
 1.377247024E+03	 9.365668893E-01
 1.377779587E+03	-1.848355651E+00
 1.378312095E+03	-1.233253717E+00
 1.378844547E+03	 1.181774974E+00
 1.379376944E+03	-4.031353593E-01
 1.379909285E+03	 1.811942101E+00
 1.380441571E+03	 2.695860155E-02
 1.380973802E+03	-1.557951689E+00
 1.381505977E+03	 1.657125831E+00
 1.382038097E+03	 6.072154522E+00
 1.382570161E+03	 2.872319520E-01
 1.383102170E+03	 4.502309322E+00
 1.383634124E+03	 1.317362547E+00
 1.384166022E+03	 5.932464600E+00
 1.384697865E+03	 6.547505379E+00
 1.385229653E+03	 5.762582779E+00
 1.385761385E+03	 6.577635765E+00
 1.386293062E+03	 1.539268875E+01
 1.386824683E+03	 1.320774174E+01
 1.387356249E+03	 2.342281914E+01
 1.387887760E+03	 5.423787308E+01
 1.388419216E+03	 2.490529938E+02
 1.388950616E+03	 8.980680542E+02
 1.389481960E+03	 5.044831543E+02
 1.390013250E+03	 7.809818268E+01
 1.390544484E+03	 2.511324692E+01
 1.391075663E+03	 1.212831306E+01
 1.391606786E+03	 9.343329430E+00
 1.392137854E+03	 4.358394623E+00
 1.392668867E+03	 4.573472500E+00
 1.393199824E+03	 4.988562107E+00
 1.393730726E+03	 7.203639507E+00
 1.394261573E+03	 5.418655872E+00
 1.394792365E+03	 4.337212741E-01
 1.395323101E+03	-9.511768222E-01
 1.395853782E+03	 6.388846040E-02
 1.396384408E+03	 3.078953743E+00
 1.396914978E+03	 1.294031262E+00
 1.397445493E+03	 5.090476871E-01
 1.397975953E+03	 7.241252065E-01
 1.398506357E+03	 1.139214873E+00
 1.399036706E+03	 1.354292393E+00
 1.399567000E+03	-3.630642414E+00
 1.400097239E+03	-2.015601397E+00
 1.400627422E+03	-2.800523996E+00
 1.401157550E+03	-2.385495424E+00
 1.401687623E+03	-1.704178303E-01
 1.402217641E+03	 2.446718663E-01
 1.402747603E+03	 1.059724927E+00
 1.403277510E+03	-3.252341747E-01
 1.403807362E+03	-3.101688921E-01
 1.404337159E+03	-1.695067048E+00
 1.404866900E+03	-2.680001736E+00
 1.405396586E+03	-1.064960837E+00
 1.405926217E+03	 1.150116682E+00
 1.406455792E+03	 1.565206289E+00
 1.406985313E+03	-1.619740605E+00
 1.407514778E+03	 5.953369141E-01
 1.408044188E+03	 1.410390019E+00
 1.408573543E+03	 1.425455332E+00
 1.409102842E+03	 9.240508080E+00
 1.409632086E+03	 2.945558548E+01
 1.410161276E+03	 7.367066193E+01
 1.410690409E+03	 7.148571777E+01
 1.411219488E+03	 2.210075760E+01
 1.411748512E+03	 5.915810585E+00
 1.412277480E+03	 2.730924368E+00
 1.412806393E+03	 2.945940971E+00
 1.413335251E+03	 9.610062242E-01
 1.413864053E+03	-1.023928523E+00
 1.414392801E+03	-2.408826590E+00
 1.414921493E+03	 4.062264860E-01
 1.415450130E+03	 1.021267295E+00
 1.415978712E+03	-2.763655186E+00
 1.416507239E+03	-1.948602080E+00
 1.417035711E+03	-5.335124135E-01
 1.417564127E+03	-9.184715152E-01
 1.418092489E+03	-2.103357315E+00
 1.418620795E+03	-1.888340950E+00
 1.419149046E+03	 1.926773190E+00
 1.419677242E+03	-2.658198118E+00
 1.420205382E+03	 3.756891489E+00
 1.420733468E+03	-2.803098224E-02
 1.421261498E+03	-3.012965679E+00
 1.421789474E+03	 8.020873666E-01
 1.422317394E+03	-7.828839421E-01
 1.422845259E+03	-9.677698612E-01
 1.423373069E+03	-2.552741289E+00
 1.423900823E+03	 3.062360764E+00
 1.424428523E+03	 6.774016023E-01
 1.424956168E+03	-7.075575590E-01
 1.425483757E+03	 1.707532167E+00
 1.426011291E+03	 3.922609568E+00
 1.426538771E+03	 2.537650585E+00
 1.427066195E+03	 1.352703571E+00
 1.427593564E+03	 1.167817712E+00
 1.428120878E+03	 2.382834196E+00
 1.428648136E+03	-1.002063870E+00
 1.429175340E+03	 3.213013649E+00
 1.429702489E+03	 3.228078842E+00
 1.430229582E+03	-1.356892467E+00
 1.430756621E+03	-7.417905927E-01
 1.431283604E+03	 4.732258618E-01
 1.431810532E+03	 1.288339972E+00
 1.432337405E+03	-1.496643543E+00
 1.432864224E+03	 3.184705377E-01
 1.433390987E+03	-4.665129781E-01
 1.433917695E+03	-2.451447725E+00
 1.434444348E+03	 5.636175871E-01
 1.434970945E+03	-2.421317101E+00
 1.435497488E+03	-4.606203079E+00
 1.436023976E+03	-2.991162062E+00
 1.436550409E+03	-7.760846615E-01
 1.437076787E+03	-1.561007142E+00
 1.437603109E+03	-1.345990777E+00
 1.438129377E+03	 4.691233933E-01
 1.438655590E+03	 4.841886759E-01
 1.439181747E+03	 1.899217367E+00
 1.439707850E+03	-1.885705113E+00
 1.440233897E+03	 4.529384613E+00
 1.440759890E+03	 1.144425392E+00
 1.441285827E+03	-6.404970884E-01
 1.441811710E+03	-2.025456190E+00
 1.442337537E+03	-4.210402966E+00
 1.442863309E+03	-2.195337772E+00
 1.443389027E+03	 1.973961107E-02
 1.443914689E+03	-1.565170646E+00
 1.444440297E+03	-3.950129747E+00
 1.444965849E+03	 1.264947653E+00
 1.445491347E+03	-3.120011568E+00
 1.446016789E+03	-7.049217820E-01
 1.446542177E+03	 2.110131264E+00
 1.447067509E+03	 3.725233316E+00
 1.447592787E+03	-5.859738350E+00
 1.448118009E+03	-2.644660711E+00
 1.448643177E+03	 1.170392394E+00
 1.449168290E+03	 9.854454994E-01
 1.449693347E+03	 6.005474329E-01
 1.450218350E+03	-2.584399462E+00
 1.450743298E+03	-3.969358683E+00
 1.451268190E+03	 4.570666328E-02
 1.451793028E+03	 4.607963562E-01
 1.452317811E+03	-1.524138331E+00
 1.452842539E+03	-5.309061050E+00
 1.453367212E+03	-7.093983173E+00
 1.453891830E+03	-1.078918099E+00
 1.454416393E+03	-4.638772309E-01
 1.454940901E+03	-1.048787475E+00
 1.455465355E+03	-1.033722281E+00
 1.455989753E+03	-3.618693590E+00
 1.456514096E+03	-1.203603864E+00
 1.457038385E+03	-2.388550758E+00
 1.457562619E+03	-1.573497772E+00
 1.458086797E+03	-5.584324598E-01
 1.458610921E+03	-2.143342733E+00
 1.459134990E+03	-1.328289628E+00
 1.459659004E+03	-1.313224435E+00
 1.460182963E+03	-5.298159122E+00
 1.460706867E+03	-4.831060171E-01
 1.461230716E+03	-1.868004084E+00
 1.461754511E+03	-3.852938890E+00
 1.462278250E+03	-1.037885785E+00
 1.462801935E+03	-3.222832680E+00
 1.463325564E+03	-1.407779574E+00
 1.463849139E+03	-3.992689848E+00
 1.464372659E+03	-1.577661276E+00
 1.464896124E+03	-1.362583756E+00
 1.465419535E+03	-3.747481823E+00
 1.465942890E+03	-3.732416630E+00
 1.466466190E+03	-1.917363524E+00
 1.466989436E+03	-1.902298212E+00
 1.467512627E+03	 1.127670929E-01
 1.468035763E+03	-6.721554399E-01
 1.468558844E+03	-4.657090187E+00
 1.469081870E+03	-2.442073584E+00
 1.469604842E+03	-2.427008390E+00
 1.470127758E+03	-4.811906338E+00
 1.470650620E+03	-1.968656182E-01
 1.471173427E+03	-4.981788158E+00
 1.471696179E+03	-1.766710639E+00
 1.472218876E+03	-1.351681948E+00
 1.472741519E+03	 2.634199262E-01
 1.473264106E+03	-3.215514123E-01
 1.473786639E+03	 9.353829175E-02
 1.474309117E+03	-4.491372108E+00
 1.474831540E+03	-1.676318884E+00
 1.475353909E+03	-3.261290312E+00
 1.475876222E+03	-3.046212673E+00
 1.476398481E+03	-7.231159687E+00
 1.476920685E+03	-1.016082168E+00
 1.477442834E+03	-3.001016855E+00
 1.477964928E+03	-4.185963631E+00
 1.478486968E+03	-1.570861936E+00
 1.479008953E+03	-2.355784416E+00
 1.479530883E+03	-1.540731430E+00
 1.480052758E+03	 6.743460894E-01
 1.480574579E+03	-7.510601044E+00
 1.481096344E+03	-6.955477595E-01
 1.481618055E+03	-3.880494595E+00
 1.482139712E+03	-1.865429401E+00
 1.482661313E+03	-2.050376177E+00
 1.483182860E+03	-1.435274363E+00
 1.483704352E+03	-1.820233464E+00
 1.484225789E+03	-1.205131650E+00
 1.484747171E+03	 1.009884834E+00
 1.485268499E+03	 6.249867678E-01
 1.485789772E+03	 4.001541436E-02
 1.486310990E+03	-1.144870520E+00
 1.486832154E+03	-6.329817295E+00
 1.487353262E+03	-5.514764309E+00
 1.487874316E+03	-2.099674702E+00
 1.488395316E+03	-3.884658098E+00
 1.488916260E+03	-4.669580460E+00
 1.489437150E+03	-3.054478884E+00
 1.489957985E+03	-4.239425659E+00
 1.490478766E+03	-5.824397087E+00
 1.490999491E+03	-2.609319448E+00
 1.491520162E+03	-4.194230080E+00
 1.492040779E+03	-3.791767657E-01
 1.492561340E+03	 3.435876369E+00
 1.493081847E+03	-4.549058437E+00
 1.493602300E+03	-1.333980918E+00
 1.494122697E+03	 2.810599506E-01
 1.494643040E+03	 8.961618543E-01
 1.495163328E+03	-3.488797188E+00
 1.495683562E+03	-1.273719788E+00
 1.496203740E+03	-1.658678889E+00
 1.496723865E+03	-1.843564749E+00
 1.497243934E+03	-2.628548384E+00
 1.497763949E+03	-3.613482952E+00
 1.498283909E+03	-1.198393345E+00
 1.498803815E+03	-1.383340240E+00
 1.499323665E+03	-5.682871938E-01
 1.499843462E+03	-9.531853199E-01
 1.500363203E+03	-1.138132215E+00
 1.500882890E+03	-1.123066902E+00
 1.501402522E+03	-4.308013916E+00
 1.501922100E+03	 3.070880473E-01
 1.502441623E+03	-4.677846432E+00
 1.502961091E+03	-2.462830305E+00
 1.503480505E+03	 2.752247334E+00
 1.503999864E+03	-4.632650852E+00
 1.504519168E+03	-4.176343679E-01
 1.505038418E+03	-2.202556849E+00
 1.505557614E+03	-2.587455034E+00
 1.506076754E+03	-1.772401929E+00
 1.506595840E+03	 2.426633984E-01
 1.507114872E+03	-4.142295837E+00
 1.507633848E+03	-6.727206230E+00
 1.508152770E+03	-1.712140799E+00
 1.508671638E+03	 3.029245436E-01
 1.509190451E+03	-6.682010174E+00
 1.509709209E+03	-1.266981483E+00
 1.510227913E+03	-3.651879549E+00
 1.510746563E+03	 9.631612301E-01
 1.511265157E+03	-4.021773338E+00
 1.511783697E+03	 9.932917953E-01
 1.512302183E+03	-2.591618538E+00
 1.512820614E+03	-1.576553226E+00
 1.513338990E+03	-4.761499882E+00
 1.513857312E+03	 1.053552985E+00
 1.514375579E+03	-2.131393909E+00
 1.514893792E+03	-4.116328716E+00
 1.515411950E+03	 3.498773336E+00
 1.515930053E+03	-8.861858845E-01
 1.516448102E+03	-2.471096277E+00
 1.516966097E+03	-2.856055260E+00
 1.517484037E+03	-4.440965652E+00
 1.518001922E+03	-1.225888133E+00
 1.518519753E+03	-2.010871649E+00
 1.519037529E+03	-2.395769835E+00
 1.519555251E+03	 1.819307685E+00
 1.520072918E+03	-1.765663624E+00
 1.520590531E+03	-1.950610518E+00
 1.521108089E+03	 6.644913554E-01
 1.521625593E+03	 1.679556608E+00
 1.522143042E+03	-2.105365992E+00
 1.522660437E+03	 1.109650612E+00
 1.523177777E+03	-1.875284195E+00
 1.523695063E+03	 1.339793324E+00
 1.524212294E+03	 7.548830509E-01
 1.524729471E+03	-4.300638735E-01
 1.525246593E+03	-4.149985909E-01
 1.525763661E+03	-7.999576926E-01
 1.526280674E+03	 1.215107560E+00
 1.526797633E+03	 4.830209255E+00
 1.527314537E+03	-7.547618747E-01
 1.527831387E+03	-1.539684415E+00
 1.528348182E+03	-2.924582481E+00
 1.528864923E+03	-3.709566116E+00
 1.529381609E+03	 1.105548143E+00
 1.529898241E+03	-6.794354320E-01
 1.530414818E+03	 1.535642028E+00
 1.530931341E+03	-1.049268246E+00
 1.531447810E+03	-3.834190845E+00
 1.531964224E+03	-3.019137621E+00
 1.532480584E+03	 2.595903158E+00
 1.532996889E+03	-3.890315294E-01
 1.533513140E+03	 2.605816722E-02
 1.534029336E+03	 2.241135597E+00
 1.534545478E+03	 1.056188703E+00
 1.535061565E+03	 4.271266460E+00
 1.535577598E+03	 6.862949133E-01
 1.536093577E+03	-8.986154199E-01
 1.536609501E+03	-3.283574581E+00
 1.537125371E+03	 9.315029383E-01
 1.537641186E+03	-3.453456163E+00
 1.538156947E+03	-3.836648539E-02
 1.538672653E+03	 1.376723170E+00
 1.539188305E+03	-3.808223724E+00
 1.539703903E+03	 2.806817055E+00
 1.540219447E+03	-9.781053662E-01
 1.540734935E+03	-2.763027906E+00
 1.541250370E+03	 5.202522129E-02
 1.541765750E+03	-5.328850746E-01
 1.542281076E+03	 2.821680009E-01
 1.542796347E+03	-1.502754569E+00
 1.543311564E+03	-8.772584796E-02
 1.543826727E+03	-1.672636151E+00
 1.544341835E+03	-2.576074898E-01
 1.544856889E+03	 3.157482147E+00
 1.545371888E+03	 3.772523165E+00
 1.545886834E+03	 1.876127720E-01
 1.546401724E+03	 6.027024984E-01
 1.546916561E+03	-2.582244396E+00
 1.547431343E+03	-1.167215824E+00
 1.547946071E+03	-1.521504968E-01
 1.548460744E+03	-9.370729923E-01
 1.548975363E+03	 8.779800534E-01
 1.549489928E+03	 3.093057632E+00
 1.550004438E+03	-1.491852760E+00
 1.550518894E+03	-7.682408392E-02
 1.551033296E+03	 3.382656276E-01
 1.551547643E+03	 5.533431172E-01
 1.552061936E+03	 3.683961928E-01
 1.552576175E+03	-3.216514111E+00
 1.553090359E+03	 1.985145509E-01
 1.553604489E+03	-7.864201665E-01
 1.554118565E+03	-9.713671207E-01
 1.554632587E+03	 1.443722606E+00
 1.555146554E+03	-1.141187668E+00
 1.555660467E+03	-2.526146889E+00
 1.556174325E+03	 1.888942838E+00
 1.556688130E+03	 1.039593294E-01
 1.557201880E+03	-1.080926538E+00
 1.557715575E+03	 1.334102154E+00
 1.558229217E+03	 3.491673768E-01
 1.558742804E+03	 3.642326593E-01
 1.559256337E+03	 1.379297972E+00
 1.559769816E+03	 2.594375372E+00
 1.560283240E+03	 2.409428596E+00
 1.560796610E+03	 2.244815975E-01
 1.561309926E+03	 3.959571198E-02
 1.561823187E+03	 2.546121776E-01
 1.562336395E+03	-1.302859336E-01
 1.562849548E+03	-2.515244961E+00
 1.563362647E+03	 2.998080254E-01
 1.563875691E+03	 3.314873219E+00
 1.564388681E+03	 2.129987478E+00
 1.564901617E+03	-6.549961567E-01
 1.565414499E+03	 2.960105896E+00
 1.565927327E+03	 1.775158882E+00
 1.566440100E+03	 2.590211868E+00
 1.566952819E+03	 1.005301595E+00
 1.567465484E+03	 2.036691457E-02
 1.567978095E+03	 2.635407686E+00
 1.568490651E+03	-9.495025277E-01
 1.569003154E+03	-1.344494373E-01
 1.569515602E+03	-9.193719625E-01
 1.570027996E+03	-3.104318857E+00
 1.570540335E+03	 1.107586175E-01
 1.571052621E+03	 1.725799441E+00
 1.571564852E+03	 2.540852547E+00
 1.572077029E+03	 7.559300661E-01
 1.572589152E+03	 2.570983171E+00
 1.573101221E+03	-1.813915014E+00
 1.573613235E+03	-2.198873997E+00
 1.574125195E+03	-1.983796597E+00
 1.574637102E+03	 2.312808931E-01
 1.575148954E+03	 2.463461757E-01
 1.575660751E+03	-9.386007190E-01
 1.576172495E+03	-1.235476732E-01
 1.576684185E+03	-1.708457947E+00
 1.577195820E+03	 1.906582952E+00
 1.577707401E+03	-1.478315234E+00
 1.578218928E+03	-1.863274336E+00
 1.578730401E+03	 9.517787695E-01
 1.579241820E+03	-3.833143711E+00
 1.579753184E+03	 2.381933689E+00
 1.580264495E+03	 2.196986914E+00
 1.580775751E+03	 4.120643139E-01
 1.581286953E+03	 1.827093005E+00
 1.581798101E+03	 2.042170525E+00
 1.582309195E+03	-3.427276313E-01
 1.582820235E+03	 2.072300911E+00
 1.583331220E+03	 2.287378550E+00
 1.583842152E+03	 1.102431536E+00
 1.584353029E+03	-1.282466531E+00
 1.584863853E+03	-6.674256325E-01
 1.585374622E+03	 1.747664094E+00
 1.585885337E+03	 1.762729406E+00
 1.586395998E+03	 2.177757978E+00
 1.586906605E+03	 2.592847824E+00
 1.587417158E+03	 2.207888603E+00
 1.587927657E+03	 3.022941589E+00
 1.588438101E+03	 1.438031316E+00
 1.588948492E+03	-1.746915579E+00
 1.589458828E+03	 4.468162060E+00
 1.589969111E+03	-1.516772747E+00
 1.590479339E+03	 6.983047128E-01
 1.590989514E+03	 1.713369966E+00
 1.591499634E+03	-1.471576929E+00
 1.592009700E+03	 4.143464088E+00
 1.592519712E+03	 2.958578110E+00
 1.593029670E+03	-2.263688892E-01
 1.593539574E+03	 3.788696289E+00
 1.594049424E+03	 5.603749275E+00
 1.594559220E+03	 3.018839121E+00
 1.595068962E+03	-5.661321878E-01
 1.595578650E+03	 4.448933125E+00
 1.596088283E+03	-7.360137701E-01
 1.596597863E+03	 4.679075718E+00
 1.597107389E+03	 2.294116735E+00
 1.597616861E+03	 3.909218788E+00
 1.598126278E+03	 4.724271774E+00
 1.598635642E+03	 2.539324760E+00
 1.599144952E+03	-6.456220746E-01
 1.599654207E+03	 7.694675922E-01
 1.600163409E+03	 9.845451117E-01
 1.600672557E+03	 4.999610424E+00
 1.601181650E+03	 1.467566192E-02
 1.601690690E+03	-7.702468634E-01
 1.602199676E+03	 3.844794035E+00
 1.602708607E+03	 4.459835052E+00
 1.603217485E+03	 4.874924660E+00
 1.603726309E+03	 2.489965439E+00
 1.604235078E+03	 3.305079460E+00
 1.604743794E+03	 1.320144892E+00
 1.605252456E+03	 2.335210085E+00
 1.605761064E+03	-1.049749017E+00
 1.606269617E+03	 3.653407097E-01
 1.606778117E+03	 3.580357075E+00
 1.607286563E+03	 3.995446920E+00
 1.607794955E+03	 2.810499907E+00
 1.608303293E+03	 5.825565338E+00
 1.608811577E+03	 4.240654945E+00
 1.609319807E+03	 5.455732346E+00
 1.609827983E+03	 4.270785332E+00
 1.610336106E+03	 1.685814142E+00
 1.610844174E+03	 7.008794546E-01
 1.611352188E+03	-4.840064645E-01
 1.611860149E+03	 6.131034374E+00
 1.612368055E+03	 3.946087599E+00
 1.612875908E+03	 3.161164999E+00
 1.613383707E+03	 1.376242518E+00
 1.613891451E+03	 9.191295624E+00
 1.614399142E+03	 1.006348610E+00
 1.614906779E+03	 5.021413803E+00
 1.615414362E+03	 3.647920117E-02
 1.615921891E+03	 1.851532221E+00
 1.616429367E+03	 1.266621947E+00
