1042.452273	4318.399902
1043.018714	4357.399902
1043.585098	4341.399902
1044.151424	4363.600098
1044.717692	4331.0
1045.283903	4365.0
1045.850056	4336.0
1046.416151	4295.600098
1046.982188	4321.600098
1047.548167	4302.799805
1048.114089	4297.399902
1048.679953	4304.200195
1049.24576	4318.600098
1049.811509	4345.399902
1050.3772	4333.0
1050.942833	4335.200195
1051.508408	4309.600098
1052.073926	4314.399902
1052.639387	4307.0
1053.204789	4304.0
1053.770134	4324.200195
1054.335421	4301.200195
1054.900651	4283.600098
1055.465823	4276.600098
1056.030937	4313.600098
1056.595993	4299.200195
1057.160992	4311.399902
1057.725934	4283.0
1058.290817	4318.399902
1058.855643	4276.399902
1059.420411	4300.399902
1059.985122	4251.200195
1060.549775	4271.0
1061.114371	4270.399902
1061.678908	4284.799805
1062.243389	4263.799805
1062.807811	4302.0
1063.372176	4275.0
1063.936483	4272.0
1064.500733	4247.399902
1065.064925	4267.0
1065.62906	4263.0
1066.193137	4269.600098
1066.757156	4247.799805
1067.321118	4232.200195
1067.885022	4251.600098
1068.448869	4256.0
1069.012658	4230.399902
1069.57639	4253.799805
1070.140063	4267.799805
1070.70368	4241.0
1071.267239	4231.0
1071.83074	4260.600098
1072.394184	4237.600098
1072.95757	4251.399902
1073.520899	4203.600098
1074.08417	4269.799805
1074.647383	4201.600098
1075.21054	4220.600098
1075.773638	4207.0
1076.336679	4193.0
1076.899663	4214.399902
1077.462589	4224.600098
1078.025457	4206.200195
1078.588268	4194.200195
1079.151022	4189.0
1080.276356	4184.399902
1080.838937	4186.399902
1081.401461	4171.0
1081.963927	4193.799805
1082.526336	4139.0
1083.088687	4177.200195
1083.650981	4149.600098
1084.213217	4177.0
1084.775396	4101.0
1085.337517	4142.600098
1085.899581	4135.600098
1086.461587	4157.0
1087.023536	4141.399902
1087.585428	4165.200195
1088.147262	4120.600098
1088.709039	4123.0
1089.270758	4102.0
1089.83242	4099.200195
1090.394024	4039.800049
1090.955571	4112.200195
1091.517061	4073.0
1092.078493	4106.399902
1092.639868	4062.399902
1093.201185	4141.200195
1093.762445	4038.199951
1094.323648	4103.399902
1094.884793	4088.0
1095.445881	4082.199951
1096.006911	4037.0
1096.567884	4055.0
1097.1288	4024.399902
1097.689659	4061.199951
1098.25046	4022.399902
1098.811203	4078.199951
1099.37189	4040.0
1099.932518	4049.0
1100.49309	4010.199951
1101.053604	4028.399902
1101.614061	4001.800049
1102.174461	4052.399902
1102.734803	4027.0
1103.295088	4024.0
1103.855316	4005.199951
1104.415486	4012.199951
1104.975599	3990.199951
1105.535655	3988.600098
1106.095653	3950.600098
1106.655594	3983.800049
1107.215478	3968.399902
1107.775305	3974.600098
1108.335074	3951.600098
1108.894786	3992.399902
1109.45444	3919.0
1110.014038	3969.0
1110.573578	3954.0
1111.133061	3974.600098
1111.692486	3929.399902
1112.251854	3922.399902
1112.811165	3917.600098
1113.370419	3935.600098
1113.929616	3933.0
1114.488755	3946.800049
1115.047837	3924.0
1115.606862	3938.199951
1116.16583	3948.600098
1116.72474	3935.600098
1117.283593	3924.199951
1117.842389	3930.0
1118.401128	3921.199951
1118.959809	3906.0
1119.518433	3936.399902
1120.077	3897.600098
1120.63551	3914.399902
1121.193963	3898.0
1121.752358	3900.600098
1122.310697	3904.0
1122.868978	3899.199951
1123.427202	3915.399902
1123.985368	3919.0
1124.543478	3899.199951
1125.10153	3870.600098
1125.659526	3883.800049
1126.217464	3889.199951
1126.775345	3895.0
1127.333168	3882.0
1127.890935	3882.199951
1128.448644	3884.399902
1129.006297	3890.399902
1129.563892	3885.399902
1130.12143	3852.800049
1130.678911	3907.800049
1131.236335	3886.199951
1131.793701	3884.399902
1132.351011	3859.600098
1132.908263	3878.600098
1133.465458	3896.399902
1134.022597	3856.399902
1134.579678	3850.399902
1135.136702	3842.399902
1135.693669	3873.0
1136.250578	3865.600098
1136.807431	3863.199951
1137.364227	3871.600098
1137.920965	3867.399902
1138.477647	3853.399902
1139.034271	3844.800049
1139.590839	3837.600098
1140.147349	3844.399902
1140.703802	3864.199951
1141.260198	3855.600098
1141.816537	3841.199951
1142.37282	3848.0
1142.929045	3825.600098
1143.485213	3830.800049
1144.041323	3850.600098
1144.597377	3839.399902
1145.153374	3812.199951
1145.709314	3835.0
1146.265197	3796.399902
1146.821023	3805.800049
1147.376792	3835.199951
1147.932503	3813.800049
1148.488158	3817.0
1149.043756	3807.800049
1149.599297	3822.199951
1150.154781	3835.0
1150.710207	3821.199951
1151.265577	3852.399902
1151.82089	3838.0
1152.376146	3845.600098
1152.931345	3823.600098
1153.486487	3834.0
1154.041572	3805.399902
1154.5966	3812.199951
1155.151571	3789.199951
1155.706485	3787.600098
1156.261342	3816.600098
1156.816142	3812.600098
1157.370885	3820.800049
1157.925572	3827.199951
1158.480201	3812.199951
1159.034774	3807.600098
1159.589289	3771.0
1160.143748	3790.600098
1160.698149	3765.199951
1161.252494	3772.399902
1161.806782	3807.600098
1162.361013	3783.199951
1162.915187	3802.399902
1163.469304	3795.0
1164.023364	3780.199951
1164.577368	3788.399902
1165.131314	3793.0
1165.685204	3784.199951
1166.239036	3808.399902
1166.792812	3771.399902
1167.346531	3778.800049
1167.900193	3766.199951
1168.453798	3784.0
1169.007347	3784.399902
1169.560838	3746.399902
1170.114273	3755.399902
1170.66765	3758.399902
1171.220971	3772.0
1171.774235	3768.399902
1172.327443	3786.0
1172.880593	3769.399902
1173.433687	3776.199951
1173.986723	3734.600098
1174.539703	3744.399902
1175.092626	3756.800049
1175.645493	3727.199951
1176.198302	3737.600098
1176.751055	3738.600098
1177.303751	3758.0
1177.85639	3778.800049
1178.408972	3742.199951
1178.961498	3752.800049
1179.513966	3730.199951
1180.066378	3772.0
1180.618733	3740.800049
1181.171032	3727.600098
1181.723273	3718.800049
1182.275458	3749.800049
1182.827586	3728.800049
1183.379657	3727.0
1183.931672	3735.0
1184.48363	3709.399902
1185.035531	3719.399902
1185.587375	3732.800049
1186.139162	3741.399902
1186.690893	3726.199951
1187.242567	3721.800049
1187.794184	3707.0
1188.345745	3688.600098
1188.897249	3722.0
1189.448696	3684.399902
1190.000086	3697.600098
1190.55142	3691.600098
1191.102697	3717.199951
1191.653918	3716.199951
1192.205081	3674.800049
1192.756188	3711.399902
1193.307238	3739.399902
1193.858232	3676.399902
1194.409169	3672.800049
1194.960049	3684.800049
1195.510872	3677.600098
1196.061639	3689.800049
1196.612349	3700.0
1197.163003	3692.800049
1197.713599	3688.399902
1198.264139	3708.600098
1198.814623	3697.199951
1199.36505	3666.0
1199.91542	3645.600098
1200.465734	3697.0
1201.01599	3647.800049
1201.566191	3692.800049
1202.116334	3648.0
1202.666421	3654.600098
1203.216452	3671.399902
1203.766425	3676.399902
1204.316343	3666.800049
1204.866203	3650.600098
1205.416007	3629.800049
1205.965754	3677.0
1206.515445	3642.800049
1207.065079	3653.199951
1207.614657	3642.800049
1208.164177	3617.399902
1208.713642	3628.800049
1209.26305	3608.199951
1209.812401	3605.399902
1210.361695	3610.600098
1210.910933	3652.800049
1211.460115	3630.199951
1212.00924	3629.600098
1212.558308	3603.800049
1213.10732	3632.199951
1213.656275	3607.399902
1214.205174	3623.399902
1214.754016	3618.600098
1215.302801	3644.399902
1215.85153	3590.600098
1216.400203	3649.800049
1216.948819	3606.600098
1217.497378	3598.800049
1218.045881	3580.600098
1218.594327	3605.600098
1219.142717	3615.800049
1219.691051	3610.600098
1220.239327	3569.0
1220.787548	3604.199951
1221.335712	3587.800049
1221.883819	3600.0
1222.43187	3597.399902
1222.979864	3595.0
1223.527802	3565.800049
1224.075683	3580.399902
1224.623508	3577.600098
1225.171277	3591.199951
1225.718989	3571.199951
1226.266644	3572.600098
1226.814243	3572.199951
1227.361786	3588.800049
1227.909272	3548.600098
1228.456702	3538.800049
1229.004075	3573.399902
1229.551392	3557.600098
1230.098652	3563.600098
1230.645856	3530.199951
1231.193003	3558.600098
1231.740094	3526.0
1232.287129	3550.199951
1232.834107	3525.399902
1233.381029	3560.199951
1233.927894	3548.0
1234.474703	3549.800049
1235.021455	3527.800049
1235.568151	3556.399902
1236.114791	3497.800049
1236.661374	3543.199951
1237.207901	3517.800049
1237.754372	3541.199951
1238.300786	3504.800049
1238.847144	3555.600098
1239.393445	3504.399902
1239.93969	3534.600098
1240.485879	3523.399902
1241.032011	3543.399902
1241.578087	3521.800049
1242.124106	3524.0
1242.67007	3504.600098
1243.215976	3518.600098
1243.761827	3501.600098
1244.307621	3508.399902
1244.853359	3515.399902
1245.39904	3494.800049
1245.944665	3505.0
1246.490234	3492.800049
1247.035746	3507.800049
1247.581203	3465.399902
1248.126602	3489.399902
1248.671946	3440.199951
1249.217233	3495.800049
1249.762464	3487.800049
1250.307638	3529.199951
1250.852757	3473.0
1251.397819	3485.800049
1251.942824	3456.399902
1252.487774	3475.399902
1253.032667	3498.199951
1253.577503	3460.0
1254.122284	3477.800049
1254.667008	3475.399902
1255.211676	3481.600098
1255.756288	3467.800049
1256.300843	3451.399902
1256.845342	3500.600098
1257.389785	3438.0
1257.934172	3460.199951
1258.478502	3460.199951
1259.022776	3452.600098
1259.566994	3444.399902
1260.111156	3469.399902
1260.655261	3435.199951
1261.199311	3443.399902
1261.743304	3429.600098
1262.28724	3425.399902
1262.831121	3456.0
1263.374945	3397.399902
1263.918713	3453.199951
1264.462425	3401.199951
1265.006081	3439.0
1265.54968	3428.800049
1266.093223	3429.600098
1266.636711	3414.600098
1267.180141	3417.600098
1267.723516	3427.800049
1268.266835	3423.0
1268.810097	3396.399902
1269.353303	3401.0
1269.896453	3396.399902
1270.439547	3405.800049
1270.982584	3408.800049
1271.525566	3386.800049
1272.068491	3410.399902
1272.61136	3405.399902
1273.154173	3396.399902
1273.69693	3413.199951
1274.239631	3392.600098
1274.782275	3395.600098
1275.324864	3389.600098
1275.867396	3401.600098
1276.409872	3378.800049
1276.952292	3377.600098
1277.494656	3399.600098
1278.036964	3391.0
1278.579215	3355.800049
1279.121411	3367.0
1279.66355	3379.0
1280.205634	3361.800049
1280.747661	3382.800049
1281.289632	3344.600098
1281.831547	3346.0
1282.373406	3361.0
1282.915209	3358.399902
1283.456955	3345.800049
1283.998646	3344.600098
1284.540281	3382.800049
1285.081859	3402.0
1285.623381	3437.0
1286.164848	3396.0
1286.706258	3360.0
1287.247612	3347.800049
1287.788911	3310.199951
1288.330153	3313.0
1288.871339	3333.800049
1289.412469	3323.800049
1289.953543	3318.800049
1290.494561	3315.800049
1291.035523	3328.0
1291.576428	3336.199951
1292.117278	3323.0
1292.658072	3301.800049
1293.19881	3319.0
1293.739492	3344.600098
1294.280118	3323.0
1294.820687	3310.600098
1295.361201	3314.800049
1295.901659	3288.199951
1296.442061	3329.0
1296.982406	3272.399902
1297.522696	3321.0
1298.06293	3282.399902
1298.603108	3308.199951
1299.143229	3263.800049
1299.683295	3288.199951
1300.223305	3282.199951
1300.763259	3301.0
1301.303157	3296.0
1301.842999	3269.0
1302.382785	3286.800049
1302.922515	3288.199951
1303.462189	3275.399902
1304.001807	3294.399902
1304.541369	3263.0
1305.080875	3304.800049
1305.620326	3284.0
1306.15972	3277.199951
1306.699058	3314.600098
1307.238341	3253.399902
1307.777567	3270.0
1308.316738	3225.0
1308.855853	3272.600098
1309.394912	3246.800049
1309.933915	3268.399902
1310.472862	3247.800049
1311.011753	3269.399902
1311.550588	3238.399902
1312.089367	3267.600098
1312.62809	3244.600098
1313.166758	3239.399902
1313.70537	3266.399902
1314.243925	3244.0
1314.782425	3233.199951
1315.320869	3275.600098
1315.859257	3245.399902
1316.397589	3253.0
1316.935866	3225.800049
1317.474086	3241.0
1318.012251	3249.399902
1318.55036	3241.0
1319.088413	3251.199951
1319.62641	3214.0
1320.164351	3231.399902
1320.702236	3213.199951
1321.240066	3219.800049
1321.777839	3200.600098
1322.315557	3195.399902
1322.853219	3194.0
1323.390826	3244.399902
1323.928376	3206.0
1324.465871	3205.0
1325.003309	3212.0
1325.540692	3191.600098
1326.07802	3190.800049
1326.615291	3182.600098
1327.152506	3191.399902
1327.689666	3200.199951
1328.22677	3202.0
1328.763818	3184.199951
1329.300811	3182.199951
1329.837747	3169.0
1330.374628	3207.199951
1330.911453	3176.399902
1331.448222	3145.600098
1331.984936	3160.199951
1332.521594	3175.199951
1333.058196	3146.600098
1333.594742	3179.399902
1334.131232	3161.600098
1334.667667	3170.800049
1335.204046	3152.600098
1335.740369	3201.800049
1336.276637	3157.800049
1336.812848	3159.800049
1337.349004	3136.600098
1337.885105	3186.0
1338.421149	3163.399902
1338.957138	3157.399902
1339.493071	3160.199951
1340.028949	3154.399902
1340.56477	3183.0
1341.100536	3133.0
1341.636246	3163.600098
1342.171901	3135.800049
1342.7075	3158.399902
1343.243043	3140.0
1343.77853	3121.0
1344.313962	3123.399902
1344.849338	3125.0
1345.384659	3141.0
1345.919923	3132.600098
1346.455133	3139.399902
1346.990286	3156.0
1347.525384	3135.0
1348.060426	3129.800049
1348.595412	3114.600098
1349.130343	3131.399902
1349.665218	3137.0
1350.200037	3118.199951
1350.734801	3131.800049
1351.269509	3134.800049
1351.804162	3110.0
1352.338758	3092.199951
1352.8733	3140.800049
1353.407785	3108.0
1353.942215	3140.0
1354.476589	3134.600098
1355.010908	3107.600098
1355.545171	3083.800049
1356.079379	3132.199951
1356.61353	3109.800049
1357.147627	3103.0
1357.681667	3102.399902
1358.215652	3101.199951
1358.749582	3101.0
1359.283456	3105.199951
1359.817274	3080.800049
1360.351037	3104.199951
1360.884744	3101.399902
1361.418395	3099.199951
1361.951991	3099.399902
1362.485531	3107.199951
1363.019016	3089.600098
1363.552445	3067.600098
1364.085819	3111.800049
1364.619137	3083.199951
1365.1524	3094.800049
1365.685607	3077.600098
1366.218758	3080.199951
1366.751854	3081.600098
1367.284894	3073.0
1367.817879	3096.800049
1368.350808	3079.800049
1368.883682	3095.199951
1369.4165	3081.0
1369.949263	3063.800049
1370.48197	3100.600098
1371.014622	3087.199951
1371.547218	3031.399902
1372.079758	3082.600098
1372.612244	3057.199951
1373.144673	3063.0
1373.677047	3047.800049
1374.209366	3058.600098
1374.741629	3054.0
1375.273836	3075.399902
1375.805989	3034.800049
1376.338085	3057.199951
1376.870126	3058.199951
1377.402112	3076.399902
1377.934042	3042.800049
1378.465917	3042.800049
1378.997736	3039.399902
1379.5295	3044.600098
1380.061208	3052.399902
1380.592861	3059.0
1381.124459	3051.0
1381.656	3033.399902
1382.187487	3059.0
1382.718918	3045.800049
1383.250294	3055.0
1383.781614	3063.600098
1384.312879	3041.399902
1384.844088	3051.600098
1385.375242	3057.600098
1385.90634	3031.800049
1386.437383	3034.800049
1386.968371	3028.399902
1387.499303	3045.600098
1388.03018	3049.800049
1388.561001	3121.800049
1389.091767	3149.600098
1389.622478	3010.600098
1390.153133	3034.399902
1390.683733	3031.800049
1391.214277	3034.800049
1391.744766	3005.600098
1392.2752	3015.0
1392.805578	2988.0
1393.335901	3042.800049
1393.866168	3019.0
1394.396381	3013.600098
1394.926537	3020.600098
1395.456639	3010.600098
1395.986685	2999.399902
1396.516675	3009.399902
1397.046611	3003.600098
1397.576491	2993.0
1398.106315	2997.800049
1398.636084	3024.199951
1399.165798	3038.0
1399.695457	3017.800049
1400.22506	3005.399902
1400.754608	3021.0
1401.284101	2980.600098
1401.813538	3005.0
1402.34292	3015.600098
1402.872247	3012.800049
1403.401518	2984.600098
1403.930734	2998.0
1404.459895	2994.0
1404.989	2967.199951
1405.51805	2984.800049
1406.047045	2988.399902
1406.575984	2986.399902
1407.104869	2979.800049
1407.633697	2963.600098
1408.162471	2955.199951
1408.691189	2961.199951
1409.219852	2977.800049
1409.74846	2997.399902
1410.277013	2985.199951
1410.80551	2962.600098
1411.333952	2976.399902
1411.862339	2971.800049
1412.39067	2948.0
1412.918946	2960.0
1413.447167	2989.600098
1413.975333	2958.399902
1414.503444	2978.199951
1415.031499	2966.600098
1415.559499	2958.0
1416.087444	2976.800049
1416.615333	2951.0
1417.143167	2968.399902
1417.670947	2966.0
1418.19867	2970.800049
1418.726339	2962.199951
1419.253952	2954.600098
1419.781511	2946.399902
1420.309014	2955.0
1420.836461	2964.199951
1421.363854	2938.800049
1421.891191	2944.199951
1422.418474	2918.800049
1422.945701	2931.800049
1423.472872	2920.399902
1423.999989	2955.199951
1424.52705	2930.800049
1425.054057	2935.600098
1425.581008	2932.0
1426.107904	2947.199951
1426.634745	2923.399902
1427.16153	2937.600098
1427.688261	2921.399902
1428.214936	2940.800049
1428.741556	2925.199951
1429.268121	2917.399902
1429.794631	2938.800049
1430.321085	2929.600098
1430.847485	2907.800049
1431.373829	2930.0
1431.900118	2907.600098
1432.426353	2920.800049
1432.952532	2885.800049
1433.478655	2900.800049
1434.004724	2913.0
1434.530738	2912.399902
1435.056696	2900.399902
1435.5826	2885.199951
1436.108448	2879.800049
1436.634241	2881.0
1437.159979	2890.600098
1437.685662	2883.800049
1438.21129	2884.199951
1438.736863	2904.800049
1439.262381	2884.199951
1439.787843	2901.800049
1440.313251	2890.199951
1440.838603	2894.0
1441.3639	2867.199951
1441.889143	2878.0
1442.41433	2859.600098
1442.939462	2896.0
1443.464539	2885.600098
1443.989561	2871.399902
1444.514528	2865.0
1445.03944	2895.600098
1445.564297	2859.399902
1446.089099	2868.0
1446.613846	2875.600098
1447.138537	2877.399902
1447.663174	2884.800049
1448.187756	2870.600098
1448.712282	2847.600098
1449.236754	2876.199951
1449.761171	2841.199951
1450.285532	2865.0
1450.809839	2859.0
1451.33409	2854.800049
1451.858287	2845.0
1452.382428	2837.0
1452.906515	2848.0
1453.430546	2849.800049
1453.954523	2841.800049
1454.478444	2863.800049
1455.002311	2857.600098
1455.526123	2858.800049
1456.049879	2820.199951
1456.573581	2869.600098
1457.097227	2817.0
1457.620819	2862.800049
1458.144356	2829.399902
1458.667837	2829.0
1459.191264	2816.600098
1459.714636	2819.800049
1460.237952	2816.199951
1460.761214	2856.0
1461.284421	2836.800049
1461.807573	2853.0
1462.33067	2814.199951
1462.853712	2843.0
1463.376699	2866.399902
1463.899632	2816.199951
1464.422509	2833.399902
1464.945331	2783.800049
1465.468099	2815.199951
1465.990811	2810.399902
1466.513469	2815.0
1467.036071	2814.600098
1467.558619	2827.0
1468.081112	2815.399902
1468.60355	2799.199951
1469.125933	2823.399902
1469.648261	2797.600098
1470.170534	2794.399902
1470.692752	2817.399902
1471.214916	2799.0
1471.737024	2798.0
1472.259078	2808.399902
1472.781077	2809.800049
1473.303021	2814.0
1473.82491	2803.0
1474.346744	2790.399902
1474.868523	2790.399902
1475.390248	2803.600098
1475.911917	2810.0
1476.433532	2778.199951
1476.955092	2792.199951
1477.476597	2796.800049
1477.998047	2808.800049
1478.519442	2781.600098
1479.040783	2812.600098
1479.562068	2793.800049
1480.083299	2794.0
1480.604475	2783.600098
1481.125596	2767.399902
1481.646663	2774.399902
1482.167674	2771.199951
1482.688631	2766.0
1483.209533	2773.399902
1483.73038	2761.600098
1484.251172	2762.0
1484.771909	2774.800049
1485.292592	2775.600098
1485.81322	2761.399902
1486.333793	2735.199951
1486.854311	2763.199951
1487.374775	2765.0
1487.895183	2757.399902
1488.415537	2747.399902
1488.935836	2729.399902
1489.456081	2793.399902
1489.97627	2754.199951
1490.496405	2749.800049
1491.016485	2741.0
1491.536511	2760.800049
1492.056481	2745.399902
1492.576397	2750.800049
1493.096258	2735.399902
1493.616064	2735.199951
1494.135816	2753.199951
1494.655513	2724.800049
1495.175155	2721.399902
1495.694742	2710.600098
1496.214274	2730.0
1496.733752	2722.399902
1497.253175	2735.800049
1497.772544	2721.600098
1498.291858	2709.600098
1498.811116	2750.0
1499.330321	2736.199951
1499.84947	2728.199951
1500.368565	2722.399902
1500.887605	2719.600098
1501.406591	2725.800049
1501.925521	2731.399902
1502.444397	2701.199951
1502.963219	2715.800049
1503.481985	2723.600098
1504.000697	2707.0
1504.519355	2719.800049
1505.037957	2700.800049
1505.556505	2701.800049
1506.074999	2700.199951
1506.593437	2711.600098
1507.111821	2705.600098
1507.63015	2711.199951
1508.148425	2691.399902
1508.666645	2697.199951
1509.18481	2691.0
1509.702921	2699.600098
1510.220977	2691.0
1510.738979	2718.0
1511.256925	2676.0
1511.774817	2707.600098
1512.292655	2693.199951
1512.810438	2685.399902
1513.328166	2709.600098
1513.84584	2687.800049
1514.363459	2686.399902
1514.881023	2684.800049
1515.398533	2697.600098
1515.915988	2701.399902
1516.433389	2704.199951
1516.950734	2704.399902
1517.468026	2694.600098
1517.985263	2707.399902
1518.502445	2699.600098
1519.019572	2691.399902
1519.536645	2715.399902
1520.053664	2708.0
1520.570628	2678.800049
1521.087537	2686.600098
1521.604392	2691.600098
1522.121192	2678.0
1522.637937	2678.800049
1523.154628	2653.800049
1523.671265	2688.0
1524.187847	2696.0
1524.704374	2686.199951
1525.220847	2658.399902
1525.737265	2670.0
1526.253629	2678.399902
1526.769938	2687.0
1527.286192	2696.0
1527.802392	2680.600098
1528.318538	2682.199951
1528.834629	2661.600098
1529.350666	2674.800049
1529.866648	2687.800049
1530.382575	2687.399902
1530.898448	2665.800049
1531.414266	2687.399902
1531.93003	2659.399902
1532.44574	2691.0
1532.961395	2652.0
1533.476995	2702.0
1533.992541	2671.600098
1534.508033	2674.0
1535.02347	2707.399902
1535.538852	2646.800049
1536.05418	2678.0
1536.569454	2668.800049
1537.084673	2682.399902
1537.599837	2647.0
1538.114947	2684.800049
1538.630003	2657.199951
1539.145004	2694.600098
1539.659951	2666.199951
1540.174843	2679.800049
1540.689681	2675.199951
1541.204465	2640.399902
1541.719194	2689.600098
1542.233868	2662.800049
1542.748488	2678.0
1543.263054	2646.800049
1543.777565	2666.199951
1544.292022	2669.600098
1544.806424	2676.0
1545.320772	2659.600098
1545.835066	2665.0
1546.349305	2677.0
1546.863489	2668.600098
1547.37762	2663.199951
1547.891696	2644.199951
1548.405717	2677.800049
1548.919684	2663.399902
1549.433597	2666.199951
1549.947455	2651.0
1550.461259	2650.399902
1550.975009	2675.399902
1551.488704	2661.600098
1552.002345	2645.0
1552.515931	2618.399902
1553.029463	2691.199951
1553.542941	2620.0
1554.056364	2643.800049
1554.569733	2648.399902
1555.083048	2650.600098
1555.596308	2652.600098
1556.109514	2650.800049
1556.622665	2649.199951
1557.135762	2657.0
1557.648805	2667.600098
1558.161794	2637.199951
1558.674728	2654.399902
1559.187608	2641.0
1559.700433	2651.199951
1560.213205	2626.399902
1560.725921	2648.399902
1561.238584	2652.199951
1561.751192	2650.399902
1562.263746	2630.399902
1562.776246	2636.0
1563.288691	2648.199951
1563.801082	2623.399902
1564.313419	2629.399902
1564.825701	2619.399902
1565.337929	2655.600098
1565.850103	2635.800049
1566.362223	2667.399902
1566.874288	2678.199951
1567.386299	2660.800049
1567.898256	2624.399902
1568.410158	2632.800049
1568.922007	2640.199951
1569.4338	2609.600098
1569.94554	2655.600098
1570.457226	2606.0
1570.968857	2644.800049
1571.480434	2634.600098
1571.991956	2646.0
1572.503425	2629.399902
1573.014839	2630.199951
1573.526199	2640.600098
1574.037505	2623.399902
1574.548756	2643.399902
1575.059953	2598.399902
1575.571096	2675.0
1576.082185	2609.199951
1576.59322	2667.199951
1577.1042	2625.600098
1577.615126	2626.199951
1578.125998	2604.600098
1578.636816	2603.600098
1579.14758	2620.399902
1579.658289	2605.0
1580.168944	2616.199951
1580.679545	2585.399902
1581.190092	2612.399902
1581.700585	2586.600098
1582.211023	2604.800049
1582.721407	2593.399902
1583.231737	2592.0
1583.742013	2599.600098
1584.252235	2576.399902
1584.762403	2622.800049
1585.272516	2584.199951
1585.782575	2630.0
1586.292581	2574.199951
1586.802532	2595.199951
1587.312428	2604.399902
1587.822271	2589.199951
1588.33206	2612.399902
1588.841794	2611.0
1589.351474	2592.199951
1589.8611	2575.399902
1590.370672	2599.600098
1590.88019	2591.399902
1591.389654	2615.800049
1591.899064	2587.199951
1592.408419	2593.800049
