 1.042452273E+03	 3.197700000E+04
 1.043018714E+03	 3.221700000E+04
 1.043585098E+03	 3.190133398E+04
 1.044151424E+03	 3.210733398E+04
 1.044717692E+03	 3.179366602E+04
 1.045283903E+03	 3.199166602E+04
 1.045850056E+03	 3.190666602E+04
 1.046416151E+03	 3.195466602E+04
 1.046982188E+03	 3.183466602E+04
 1.047548167E+03	 3.203566602E+04
 1.048114089E+03	 3.187766602E+04
 1.048679953E+03	 3.185600000E+04
 1.049245760E+03	 3.187966602E+04
 1.049811509E+03	 3.185666602E+04
 1.050377200E+03	 3.181800000E+04
 1.050942833E+03	 3.195800000E+04
 1.051508408E+03	 3.182400000E+04
 1.052073926E+03	 3.176533398E+04
 1.052639387E+03	 3.183066602E+04
 1.053204789E+03	 3.188366602E+04
 1.053770134E+03	 3.179466602E+04
 1.054335421E+03	 3.170200000E+04
 1.054900651E+03	 3.175966602E+04
 1.055465823E+03	 3.174266602E+04
 1.056030937E+03	 3.169166602E+04
 1.056595993E+03	 3.171133398E+04
 1.057160992E+03	 3.169266602E+04
 1.057725934E+03	 3.166466602E+04
 1.058290817E+03	 3.158666602E+04
 1.058855643E+03	 3.153833398E+04
 1.059420411E+03	 3.155600000E+04
 1.059985122E+03	 3.143300000E+04
 1.060549775E+03	 3.158033398E+04
 1.061114371E+03	 3.142133398E+04
 1.061678908E+03	 3.153266602E+04
 1.062243389E+03	 3.138733398E+04
 1.062807811E+03	 3.139566602E+04
 1.063372176E+03	 3.144533398E+04
 1.063936483E+03	 3.147033398E+04
 1.064500733E+03	 3.125466602E+04
 1.065064925E+03	 3.149466602E+04
 1.065629060E+03	 3.150033398E+04
 1.066193137E+03	 3.152033398E+04
 1.066757156E+03	 3.135466602E+04
 1.067321118E+03	 3.137333398E+04
 1.067885022E+03	 3.115400000E+04
 1.068448869E+03	 3.127133398E+04
 1.069012658E+03	 3.120033398E+04
 1.069576390E+03	 3.122266602E+04
 1.070140063E+03	 3.105833398E+04
 1.070703680E+03	 3.134100000E+04
 1.071267239E+03	 3.116833398E+04
 1.071830740E+03	 3.125300000E+04
 1.072394184E+03	 3.109466602E+04
 1.072957570E+03	 3.112033398E+04
 1.073520899E+03	 3.101200000E+04
 1.074084170E+03	 3.113633398E+04
 1.074647383E+03	 3.093166602E+04
 1.075210540E+03	 3.104833398E+04
 1.075773638E+03	 3.084233398E+04
 1.076336679E+03	 3.100866602E+04
 1.076899663E+03	 3.092000000E+04
 1.077462589E+03	 3.093466602E+04
 1.078025457E+03	 3.080433398E+04
 1.078588268E+03	 3.103033398E+04
 1.079151022E+03	 3.066666602E+04
 1.079713718E+03	 3.092566602E+04
 1.080276356E+03	 3.063500000E+04
 1.080838937E+03	 3.074600000E+04
 1.081401461E+03	 3.055500000E+04
 1.081963927E+03	 3.076166602E+04
 1.082526336E+03	 3.039833398E+04
 1.083088687E+03	 3.073133398E+04
 1.083650981E+03	 3.043066602E+04
 1.084213217E+03	 3.073300000E+04
 1.084775396E+03	 3.032266602E+04
 1.085337517E+03	 3.064300000E+04
 1.085899581E+03	 3.032933398E+04
 1.086461587E+03	 3.048500000E+04
 1.087023536E+03	 3.026066602E+04
 1.087585428E+03	 3.053866602E+04
 1.088147262E+03	 3.007133398E+04
 1.088709039E+03	 3.056266602E+04
 1.089270758E+03	 3.021366602E+04
 1.089832420E+03	 3.045333398E+04
 1.090394024E+03	 2.993500000E+04
 1.090955571E+03	 3.026100000E+04
 1.091517061E+03	 3.004533398E+04
 1.092078493E+03	 3.022433398E+04
 1.092639868E+03	 2.990966602E+04
 1.093201185E+03	 3.022266602E+04
 1.093762445E+03	 2.997433398E+04
 1.094323648E+03	 3.012666602E+04
 1.094884793E+03	 2.979466602E+04
 1.095445881E+03	 3.004833398E+04
 1.096006911E+03	 2.973400000E+04
 1.096567884E+03	 2.998233398E+04
 1.097128800E+03	 2.968466602E+04
 1.097689659E+03	 2.998000000E+04
 1.098250460E+03	 2.955633398E+04
 1.098811203E+03	 3.005666602E+04
 1.099371890E+03	 2.971566602E+04
 1.099932518E+03	 2.984166602E+04
 1.100493090E+03	 2.963400000E+04
 1.101053604E+03	 2.965300000E+04
 1.101614061E+03	 2.943533398E+04
 1.102174461E+03	 2.959200000E+04
 1.102734803E+03	 2.939500000E+04
 1.103295088E+03	 2.962600000E+04
 1.103855316E+03	 2.927866602E+04
 1.104415486E+03	 2.947433398E+04
 1.104975599E+03	 2.911500000E+04
 1.105535655E+03	 2.932566602E+04
 1.106095653E+03	 2.916800000E+04
 1.106655594E+03	 2.933066602E+04
 1.107215478E+03	 2.903666602E+04
 1.107775305E+03	 2.931366602E+04
 1.108335074E+03	 2.889500000E+04
 1.108894786E+03	 2.921033398E+04
 1.109454440E+03	 2.886800000E+04
 1.110014038E+03	 2.940733398E+04
 1.110573578E+03	 2.891600000E+04
 1.111133061E+03	 2.919633398E+04
 1.111692486E+03	 2.891400000E+04
 1.112251854E+03	 2.918966602E+04
 1.112811165E+03	 2.886566602E+04
 1.113370419E+03	 2.909366602E+04
 1.113929616E+03	 2.879866602E+04
 1.114488755E+03	 2.911466602E+04
 1.115047837E+03	 2.864033398E+04
 1.115606862E+03	 2.900466602E+04
 1.116165830E+03	 2.880433398E+04
 1.116724740E+03	 2.892200000E+04
 1.117283593E+03	 2.865533398E+04
 1.117842389E+03	 2.893366602E+04
 1.118401128E+03	 2.848366602E+04
 1.118959809E+03	 2.885100000E+04
 1.119518433E+03	 2.853333398E+04
 1.120077000E+03	 2.874733398E+04
 1.120635510E+03	 2.865766602E+04
 1.121193963E+03	 2.878133398E+04
 1.121752358E+03	 2.856500000E+04
 1.122310697E+03	 2.872966602E+04
 1.122868978E+03	 2.850500000E+04
 1.123427202E+03	 2.862966602E+04
 1.123985368E+03	 2.860433398E+04
 1.124543478E+03	 2.855300000E+04
 1.125101530E+03	 2.845033398E+04
 1.125659526E+03	 2.860433398E+04
 1.126217464E+03	 2.842766602E+04
 1.126775345E+03	 2.863733398E+04
 1.127333168E+03	 2.836833398E+04
 1.127890935E+03	 2.854666602E+04
 1.128448644E+03	 2.828500000E+04
 1.129006297E+03	 2.849033398E+04
 1.129563892E+03	 2.831633398E+04
 1.130121430E+03	 2.832000000E+04
 1.130678911E+03	 2.832033398E+04
 1.131236335E+03	 2.828733398E+04
 1.131793701E+03	 2.832700000E+04
 1.132351011E+03	 2.837733398E+04
 1.132908263E+03	 2.826100000E+04
 1.133465458E+03	 2.818533398E+04
 1.134022597E+03	 2.825333398E+04
 1.134579678E+03	 2.827833398E+04
 1.135136702E+03	 2.815033398E+04
 1.135693669E+03	 2.826300000E+04
 1.136250578E+03	 2.821266602E+04
 1.136807431E+03	 2.815933398E+04
 1.137364227E+03	 2.829166602E+04
 1.137920965E+03	 2.842966602E+04
 1.138477647E+03	 2.828400000E+04
 1.139034271E+03	 2.814833398E+04
 1.139590839E+03	 2.820233398E+04
 1.140147349E+03	 2.827400000E+04
 1.140703802E+03	 2.836266602E+04
 1.141260198E+03	 2.806433398E+04
 1.141816537E+03	 2.824500000E+04
 1.142372820E+03	 2.815000000E+04
 1.142929045E+03	 2.824733398E+04
 1.143485213E+03	 2.810866602E+04
 1.144041323E+03	 2.820533398E+04
 1.144597377E+03	 2.797066602E+04
 1.145153374E+03	 2.829500000E+04
 1.145709314E+03	 2.810000000E+04
 1.146265197E+03	 2.817000000E+04
 1.146821023E+03	 2.808500000E+04
 1.147376792E+03	 2.818466602E+04
 1.147932503E+03	 2.802533398E+04
 1.148488158E+03	 2.819733398E+04
 1.149043756E+03	 2.806266602E+04
 1.149599297E+03	 2.814166602E+04
 1.150154781E+03	 2.801266602E+04
 1.150710207E+03	 2.825200000E+04
 1.151265577E+03	 2.806266602E+04
 1.151820890E+03	 2.811266602E+04
 1.152376146E+03	 2.812233398E+04
 1.152931345E+03	 2.807133398E+04
 1.153486487E+03	 2.803733398E+04
 1.154041572E+03	 2.797600000E+04
 1.154596600E+03	 2.802700000E+04
 1.155151571E+03	 2.809800000E+04
 1.155706485E+03	 2.787866602E+04
 1.156261342E+03	 2.794333398E+04
 1.156816142E+03	 2.791466602E+04
 1.157370885E+03	 2.815800000E+04
 1.157925572E+03	 2.780566602E+04
 1.158480201E+03	 2.809600000E+04
 1.159034774E+03	 2.795100000E+04
 1.159589289E+03	 2.804966602E+04
 1.160143748E+03	 2.776300000E+04
 1.160698149E+03	 2.800566602E+04
 1.161252494E+03	 2.781666602E+04
 1.161806782E+03	 2.793600000E+04
 1.162361013E+03	 2.776833398E+04
 1.162915187E+03	 2.792400000E+04
 1.163469304E+03	 2.778600000E+04
 1.164023364E+03	 2.786366602E+04
 1.164577368E+03	 2.783533398E+04
 1.165131314E+03	 2.804000000E+04
 1.165685204E+03	 2.770500000E+04
 1.166239036E+03	 2.786733398E+04
 1.166792812E+03	 2.776866602E+04
 1.167346531E+03	 2.785033398E+04
 1.167900193E+03	 2.773100000E+04
 1.168453798E+03	 2.774633398E+04
 1.169007347E+03	 2.772166602E+04
 1.169560838E+03	 2.786900000E+04
 1.170114273E+03	 2.768333398E+04
 1.170667650E+03	 2.769366602E+04
 1.171220971E+03	 2.759966602E+04
 1.171774235E+03	 2.765600000E+04
 1.172327443E+03	 2.761000000E+04
 1.172880593E+03	 2.761766602E+04
 1.173433687E+03	 2.762666602E+04
 1.173986723E+03	 2.749533398E+04
 1.174539703E+03	 2.763600000E+04
 1.175092626E+03	 2.756066602E+04
 1.175645493E+03	 2.767900000E+04
 1.176198302E+03	 2.753033398E+04
 1.176751055E+03	 2.752566602E+04
 1.177303751E+03	 2.752433398E+04
 1.177856390E+03	 2.759733398E+04
 1.178408972E+03	 2.760866602E+04
 1.178961498E+03	 2.732933398E+04
 1.179513966E+03	 2.732066602E+04
 1.180066378E+03	 2.737300000E+04
 1.180618733E+03	 2.730666602E+04
 1.181171032E+03	 2.733166602E+04
 1.181723273E+03	 2.740866602E+04
 1.182275458E+03	 2.738500000E+04
 1.182827586E+03	 2.736233398E+04
 1.183379657E+03	 2.739066602E+04
 1.183931672E+03	 2.733500000E+04
 1.184483630E+03	 2.729433398E+04
 1.185035531E+03	 2.716500000E+04
 1.185587375E+03	 2.727733398E+04
 1.186139162E+03	 2.712000000E+04
 1.186690893E+03	 2.720166602E+04
 1.187242567E+03	 2.708666602E+04
 1.187794184E+03	 2.725966602E+04
 1.188345745E+03	 2.713433398E+04
 1.188897249E+03	 2.720600000E+04
 1.189448696E+03	 2.706500000E+04
 1.190000086E+03	 2.705133398E+04
 1.190551420E+03	 2.693366602E+04
 1.191102697E+03	 2.708033398E+04
 1.191653918E+03	 2.700500000E+04
 1.192205081E+03	 2.703966602E+04
 1.192756188E+03	 2.688566602E+04
 1.193307238E+03	 2.698433398E+04
 1.193858232E+03	 2.696233398E+04
 1.194409169E+03	 2.695400000E+04
 1.194960049E+03	 2.693866602E+04
 1.195510872E+03	 2.685533398E+04
 1.196061639E+03	 2.681100000E+04
 1.196612349E+03	 2.687566602E+04
 1.197163003E+03	 2.675266602E+04
 1.197713599E+03	 2.701233398E+04
 1.198264139E+03	 2.683933398E+04
 1.198814623E+03	 2.683066602E+04
 1.199365050E+03	 2.681900000E+04
 1.199915420E+03	 2.685666602E+04
 1.200465734E+03	 2.680200000E+04
 1.201015990E+03	 2.679333398E+04
 1.201566191E+03	 2.670566602E+04
 1.202116334E+03	 2.668300000E+04
 1.202666421E+03	 2.667333398E+04
 1.203216452E+03	 2.655300000E+04
 1.203766425E+03	 2.667700000E+04
 1.204316343E+03	 2.657233398E+04
 1.204866203E+03	 2.663600000E+04
 1.205416007E+03	 2.659600000E+04
 1.205965754E+03	 2.661366602E+04
 1.206515445E+03	 2.653033398E+04
 1.207065079E+03	 2.640566602E+04
 1.207614657E+03	 2.645300000E+04
 1.208164177E+03	 2.639333398E+04
 1.208713642E+03	 2.639100000E+04
 1.209263050E+03	 2.645600000E+04
 1.209812401E+03	 2.639833398E+04
 1.210361695E+03	 2.644133398E+04
 1.210910933E+03	 2.630533398E+04
 1.211460115E+03	 2.626366602E+04
 1.212009240E+03	 2.619033398E+04
 1.212558308E+03	 2.626500000E+04
 1.213107320E+03	 2.634866602E+04
 1.213656275E+03	 2.620633398E+04
 1.214205174E+03	 2.628666602E+04
 1.214754016E+03	 2.616833398E+04
 1.215302801E+03	 2.616966602E+04
 1.215851530E+03	 2.621600000E+04
 1.216400203E+03	 2.622300000E+04
 1.216948819E+03	 2.608866602E+04
 1.217497378E+03	 2.602200000E+04
 1.218045881E+03	 2.593866602E+04
 1.218594327E+03	 2.609433398E+04
 1.219142717E+03	 2.591500000E+04
 1.219691051E+03	 2.604233398E+04
 1.220239327E+03	 2.594500000E+04
 1.220787548E+03	 2.597066602E+04
 1.221335712E+03	 2.607600000E+04
 1.221883819E+03	 2.602000000E+04
 1.222431870E+03	 2.598200000E+04
 1.222979864E+03	 2.598833398E+04
 1.223527802E+03	 2.579466602E+04
 1.224075683E+03	 2.582333398E+04
 1.224623508E+03	 2.588433398E+04
 1.225171277E+03	 2.581033398E+04
 1.225718989E+03	 2.577333398E+04
 1.226266644E+03	 2.575866602E+04
 1.226814243E+03	 2.574000000E+04
 1.227361786E+03	 2.578166602E+04
 1.227909272E+03	 2.585766602E+04
 1.228456702E+03	 2.574933398E+04
 1.229004075E+03	 2.574400000E+04
 1.229551392E+03	 2.571233398E+04
 1.230098652E+03	 2.563533398E+04
 1.230645856E+03	 2.557433398E+04
 1.231193003E+03	 2.577533398E+04
 1.231740094E+03	 2.560866602E+04
 1.232287129E+03	 2.565733398E+04
 1.232834107E+03	 2.560300000E+04
 1.233381029E+03	 2.561433398E+04
 1.233927894E+03	 2.555300000E+04
 1.234474703E+03	 2.560866602E+04
 1.235021455E+03	 2.555533398E+04
 1.235568151E+03	 2.563800000E+04
 1.236114791E+03	 2.545800000E+04
 1.236661374E+03	 2.564533398E+04
 1.237207901E+03	 2.546633398E+04
 1.237754372E+03	 2.548733398E+04
 1.238300786E+03	 2.540766602E+04
 1.238847144E+03	 2.546533398E+04
 1.239393445E+03	 2.545100000E+04
 1.239939690E+03	 2.531700000E+04
 1.240485879E+03	 2.545633398E+04
 1.241032011E+03	 2.543266602E+04
 1.241578087E+03	 2.534333398E+04
 1.242124106E+03	 2.540400000E+04
 1.242670070E+03	 2.530633398E+04
 1.243215976E+03	 2.533766602E+04
 1.243761827E+03	 2.533800000E+04
 1.244307621E+03	 2.531900000E+04
 1.244853359E+03	 2.522433398E+04
 1.245399040E+03	 2.517766602E+04
 1.245944665E+03	 2.528266602E+04
 1.246490234E+03	 2.523800000E+04
 1.247035746E+03	 2.521866602E+04
 1.247581203E+03	 2.513900000E+04
 1.248126602E+03	 2.517433398E+04
 1.248671946E+03	 2.519600000E+04
 1.249217233E+03	 2.515166602E+04
 1.249762464E+03	 2.518833398E+04
 1.250307638E+03	 2.526800000E+04
 1.250852757E+03	 2.510066602E+04
 1.251397819E+03	 2.504366602E+04
 1.251942824E+03	 2.504633398E+04
 1.252487774E+03	 2.502533398E+04
 1.253032667E+03	 2.506266602E+04
 1.253577503E+03	 2.500900000E+04
 1.254122284E+03	 2.500033398E+04
 1.254667008E+03	 2.497200000E+04
 1.255211676E+03	 2.497733398E+04
 1.255756288E+03	 2.500466602E+04
 1.256300843E+03	 2.497800000E+04
 1.256845342E+03	 2.493300000E+04
 1.257389785E+03	 2.494300000E+04
 1.257934172E+03	 2.490100000E+04
 1.258478502E+03	 2.490600000E+04
 1.259022776E+03	 2.480833398E+04
 1.259566994E+03	 2.491966602E+04
 1.260111156E+03	 2.473933398E+04
 1.260655261E+03	 2.484766602E+04
 1.261199311E+03	 2.470333398E+04
 1.261743304E+03	 2.488900000E+04
 1.262287240E+03	 2.477200000E+04
 1.262831121E+03	 2.474866602E+04
 1.263374945E+03	 2.479500000E+04
 1.263918713E+03	 2.484033398E+04
 1.264462425E+03	 2.469566602E+04
 1.265006081E+03	 2.470400000E+04
 1.265549680E+03	 2.468300000E+04
 1.266093223E+03	 2.463800000E+04
 1.266636711E+03	 2.460366602E+04
 1.267180141E+03	 2.462466602E+04
 1.267723516E+03	 2.460200000E+04
 1.268266835E+03	 2.457333398E+04
 1.268810097E+03	 2.463433398E+04
 1.269353303E+03	 2.451966602E+04
 1.269896453E+03	 2.463800000E+04
 1.270439547E+03	 2.449366602E+04
 1.270982584E+03	 2.452600000E+04
 1.271525566E+03	 2.452300000E+04
 1.272068491E+03	 2.448833398E+04
 1.272611360E+03	 2.442366602E+04
 1.273154173E+03	 2.445166602E+04
 1.273696930E+03	 2.441700000E+04
 1.274239631E+03	 2.456000000E+04
 1.274782275E+03	 2.444200000E+04
 1.275324864E+03	 2.443500000E+04
 1.275867396E+03	 2.441033398E+04
 1.276409872E+03	 2.435500000E+04
 1.276952292E+03	 2.433766602E+04
 1.277494656E+03	 2.443300000E+04
 1.278036964E+03	 2.422133398E+04
 1.278579215E+03	 2.432466602E+04
 1.279121411E+03	 2.414766602E+04
 1.279663550E+03	 2.423100000E+04
 1.280205634E+03	 2.432933398E+04
 1.280747661E+03	 2.418200000E+04
 1.281289632E+03	 2.418033398E+04
 1.281831547E+03	 2.422600000E+04
 1.282373406E+03	 2.422033398E+04
 1.282915209E+03	 2.433800000E+04
 1.283456955E+03	 2.412100000E+04
 1.283998646E+03	 2.408666602E+04
 1.284540281E+03	 2.416700000E+04
 1.285081859E+03	 2.458333398E+04
 1.285623381E+03	 2.500566602E+04
 1.286164848E+03	 2.465000000E+04
 1.286706258E+03	 2.413866602E+04
 1.287247612E+03	 2.411300000E+04
 1.287788911E+03	 2.399033398E+04
 1.288330153E+03	 2.395433398E+04
 1.288871339E+03	 2.393700000E+04
 1.289412469E+03	 2.389366602E+04
 1.289953543E+03	 2.395566602E+04
 1.290494561E+03	 2.394866602E+04
 1.291035523E+03	 2.383166602E+04
 1.291576428E+03	 2.392400000E+04
 1.292117278E+03	 2.380733398E+04
 1.292658072E+03	 2.369866602E+04
 1.293198810E+03	 2.378600000E+04
 1.293739492E+03	 2.377633398E+04
 1.294280118E+03	 2.375300000E+04
 1.294820687E+03	 2.369200000E+04
 1.295361201E+03	 2.374600000E+04
 1.295901659E+03	 2.371666602E+04
 1.296442061E+03	 2.363166602E+04
 1.296982406E+03	 2.365966602E+04
 1.297522696E+03	 2.377100000E+04
 1.298062930E+03	 2.361033398E+04
 1.298603108E+03	 2.372533398E+04
 1.299143229E+03	 2.361000000E+04
 1.299683295E+03	 2.373100000E+04
 1.300223305E+03	 2.356700000E+04
 1.300763259E+03	 2.368066602E+04
 1.301303157E+03	 2.343433398E+04
 1.301842999E+03	 2.357300000E+04
 1.302382785E+03	 2.342566602E+04
 1.302922515E+03	 2.355833398E+04
 1.303462189E+03	 2.350400000E+04
 1.304001807E+03	 2.348966602E+04
 1.304541369E+03	 2.348233398E+04
 1.305080875E+03	 2.355400000E+04
 1.305620326E+03	 2.344533398E+04
 1.306159720E+03	 2.337200000E+04
 1.306699058E+03	 2.333800000E+04
 1.307238341E+03	 2.340666602E+04
 1.307777567E+03	 2.346666602E+04
 1.308316738E+03	 2.337600000E+04
 1.308855853E+03	 2.340366602E+04
 1.309394912E+03	 2.324366602E+04
 1.309933915E+03	 2.340866602E+04
 1.310472862E+03	 2.336000000E+04
 1.311011753E+03	 2.349433398E+04
 1.311550588E+03	 2.325633398E+04
 1.312089367E+03	 2.344700000E+04
 1.312628090E+03	 2.311566602E+04
 1.313166758E+03	 2.325933398E+04
 1.313705370E+03	 2.325733398E+04
 1.314243925E+03	 2.326166602E+04
 1.314782425E+03	 2.329566602E+04
 1.315320869E+03	 2.311333398E+04
 1.315859257E+03	 2.313166602E+04
 1.316397589E+03	 2.305800000E+04
 1.316935866E+03	 2.316533398E+04
 1.317474086E+03	 2.309400000E+04
 1.318012251E+03	 2.307200000E+04
 1.318550360E+03	 2.298933398E+04
 1.319088413E+03	 2.304066602E+04
 1.319626410E+03	 2.303633398E+04
 1.320164351E+03	 2.291400000E+04
 1.320702236E+03	 2.289400000E+04
 1.321240066E+03	 2.301700000E+04
 1.321777839E+03	 2.283700000E+04
 1.322315557E+03	 2.305500000E+04
 1.322853219E+03	 2.294033398E+04
 1.323390826E+03	 2.295666602E+04
 1.323928376E+03	 2.286333398E+04
 1.324465871E+03	 2.287833398E+04
 1.325003309E+03	 2.289833398E+04
 1.325540692E+03	 2.285266602E+04
 1.326078020E+03	 2.268300000E+04
 1.326615291E+03	 2.284733398E+04
 1.327152506E+03	 2.280166602E+04
 1.327689666E+03	 2.275633398E+04
 1.328226770E+03	 2.281833398E+04
 1.328763818E+03	 2.275400000E+04
 1.329300811E+03	 2.272266602E+04
 1.329837747E+03	 2.259933398E+04
 1.330374628E+03	 2.273033398E+04
 1.330911453E+03	 2.255833398E+04
 1.331448222E+03	 2.275166602E+04
 1.331984936E+03	 2.259066602E+04
 1.332521594E+03	 2.259933398E+04
 1.333058196E+03	 2.255533398E+04
 1.333594742E+03	 2.272066602E+04
 1.334131232E+03	 2.259200000E+04
 1.334667667E+03	 2.258966602E+04
 1.335204046E+03	 2.243000000E+04
 1.335740369E+03	 2.258133398E+04
 1.336276637E+03	 2.250233398E+04
 1.336812848E+03	 2.247800000E+04
 1.337349004E+03	 2.250133398E+04
 1.337885105E+03	 2.259566602E+04
 1.338421149E+03	 2.246033398E+04
 1.338957138E+03	 2.243166602E+04
 1.339493071E+03	 2.252700000E+04
 1.340028949E+03	 2.230100000E+04
 1.340564770E+03	 2.234633398E+04
 1.341100536E+03	 2.228933398E+04
 1.341636246E+03	 2.236966602E+04
 1.342171901E+03	 2.232700000E+04
 1.342707500E+03	 2.228700000E+04
 1.343243043E+03	 2.230533398E+04
 1.343778530E+03	 2.235066602E+04
 1.344313962E+03	 2.212566602E+04
 1.344849338E+03	 2.228300000E+04
 1.345384659E+03	 2.216700000E+04
 1.345919923E+03	 2.220666602E+04
 1.346455133E+03	 2.214333398E+04
 1.346990286E+03	 2.233200000E+04
 1.347525384E+03	 2.217133398E+04
 1.348060426E+03	 2.207833398E+04
 1.348595412E+03	 2.216666602E+04
 1.349130343E+03	 2.221633398E+04
 1.349665218E+03	 2.216500000E+04
 1.350200037E+03	 2.211100000E+04
 1.350734801E+03	 2.218633398E+04
 1.351269509E+03	 2.205733398E+04
 1.351804162E+03	 2.211666602E+04
 1.352338758E+03	 2.194400000E+04
 1.352873300E+03	 2.209833398E+04
 1.353407785E+03	 2.203200000E+04
 1.353942215E+03	 2.201966602E+04
 1.354476589E+03	 2.190300000E+04
 1.355010908E+03	 2.202433398E+04
 1.355545171E+03	 2.189066602E+04
 1.356079379E+03	 2.196466602E+04
 1.356613530E+03	 2.188666602E+04
 1.357147627E+03	 2.191966602E+04
 1.357681667E+03	 2.184966602E+04
 1.358215652E+03	 2.192300000E+04
 1.358749582E+03	 2.186400000E+04
 1.359283456E+03	 2.179900000E+04
 1.359817274E+03	 2.176166602E+04
 1.360351037E+03	 2.173833398E+04
 1.360884744E+03	 2.176433398E+04
 1.361418395E+03	 2.173533398E+04
 1.361951991E+03	 2.171833398E+04
 1.362485531E+03	 2.167666602E+04
 1.363019016E+03	 2.186266602E+04
 1.363552445E+03	 2.166400000E+04
 1.364085819E+03	 2.173200000E+04
 1.364619137E+03	 2.154700000E+04
 1.365152400E+03	 2.164533398E+04
 1.365685607E+03	 2.153833398E+04
 1.366218758E+03	 2.171233398E+04
 1.366751854E+03	 2.165200000E+04
 1.367284894E+03	 2.160566602E+04
 1.367817879E+03	 2.159466602E+04
 1.368350808E+03	 2.157400000E+04
 1.368883682E+03	 2.163933398E+04
 1.369416500E+03	 2.152200000E+04
 1.369949263E+03	 2.151233398E+04
 1.370481970E+03	 2.148800000E+04
 1.371014622E+03	 2.158066602E+04
 1.371547218E+03	 2.144100000E+04
 1.372079758E+03	 2.155966602E+04
 1.372612244E+03	 2.123133398E+04
 1.373144673E+03	 2.147333398E+04
 1.373677047E+03	 2.137300000E+04
 1.374209366E+03	 2.139733398E+04
 1.374741629E+03	 2.130066602E+04
 1.375273836E+03	 2.144633398E+04
 1.375805989E+03	 2.127133398E+04
 1.376338085E+03	 2.146666602E+04
 1.376870126E+03	 2.129200000E+04
 1.377402112E+03	 2.139500000E+04
 1.377934042E+03	 2.136300000E+04
 1.378465917E+03	 2.128966602E+04
 1.378997736E+03	 2.145266602E+04
 1.379529500E+03	 2.120333398E+04
 1.380061208E+03	 2.123400000E+04
 1.380592861E+03	 2.109300000E+04
 1.381124459E+03	 2.141766602E+04
 1.381656000E+03	 2.122133398E+04
 1.382187487E+03	 2.133300000E+04
 1.382718918E+03	 2.110266602E+04
 1.383250294E+03	 2.131000000E+04
 1.383781614E+03	 2.105533398E+04
 1.384312879E+03	 2.123933398E+04
 1.384844088E+03	 2.104966602E+04
 1.385375242E+03	 2.120333398E+04
 1.385906340E+03	 2.108433398E+04
 1.386437383E+03	 2.115833398E+04
 1.386968371E+03	 2.123900000E+04
 1.387499303E+03	 2.111800000E+04
 1.388030180E+03	 2.141133398E+04
 1.388561001E+03	 2.210266602E+04
 1.389091767E+03	 2.270400000E+04
 1.389622478E+03	 2.147233398E+04
 1.390153133E+03	 2.117400000E+04
 1.390683733E+03	 2.089700000E+04
 1.391214277E+03	 2.109933398E+04
 1.391744766E+03	 2.087900000E+04
 1.392275200E+03	 2.105333398E+04
 1.392805578E+03	 2.100566602E+04
 1.393335901E+03	 2.100900000E+04
 1.393866168E+03	 2.084133398E+04
 1.394396381E+03	 2.101533398E+04
 1.394926537E+03	 2.082433398E+04
 1.395456639E+03	 2.089933398E+04
 1.395986685E+03	 2.086466602E+04
 1.396516675E+03	 2.085866602E+04
 1.397046611E+03	 2.096166602E+04
 1.397576491E+03	 2.079766602E+04
 1.398106315E+03	 2.084700000E+04
 1.398636084E+03	 2.074100000E+04
 1.399165798E+03	 2.085633398E+04
 1.399695457E+03	 2.072966602E+04
 1.400225060E+03	 2.092400000E+04
 1.400754608E+03	 2.072300000E+04
 1.401284101E+03	 2.085300000E+04
 1.401813538E+03	 2.077000000E+04
 1.402342920E+03	 2.064766602E+04
 1.402872247E+03	 2.074966602E+04
 1.403401518E+03	 2.060733398E+04
 1.403930734E+03	 2.067900000E+04
 1.404459895E+03	 2.069200000E+04
 1.404989000E+03	 2.075100000E+04
 1.405518050E+03	 2.067566602E+04
 1.406047045E+03	 2.074100000E+04
 1.406575984E+03	 2.054433398E+04
 1.407104869E+03	 2.079633398E+04
 1.407633697E+03	 2.052166602E+04
 1.408162471E+03	 2.064966602E+04
 1.408691189E+03	 2.065733398E+04
 1.409219852E+03	 2.062133398E+04
 1.409748460E+03	 2.059666602E+04
 1.410277013E+03	 2.071833398E+04
 1.410805510E+03	 2.057266602E+04
 1.411333952E+03	 2.059233398E+04
 1.411862339E+03	 2.060000000E+04
 1.412390670E+03	 2.045733398E+04
 1.412918946E+03	 2.053233398E+04
 1.413447167E+03	 2.053900000E+04
 1.413975333E+03	 2.054233398E+04
 1.414503444E+03	 2.035266602E+04
 1.415031499E+03	 2.053300000E+04
 1.415559499E+03	 2.040833398E+04
 1.416087444E+03	 2.043333398E+04
 1.416615333E+03	 2.044233398E+04
 1.417143167E+03	 2.058766602E+04
 1.417670947E+03	 2.046200000E+04
 1.418198670E+03	 2.029900000E+04
 1.418726339E+03	 2.026600000E+04
 1.419253952E+03	 2.037566602E+04
 1.419781511E+03	 2.026666602E+04
 1.420309014E+03	 2.032166602E+04
 1.420836461E+03	 2.035200000E+04
 1.421363854E+03	 2.020433398E+04
 1.421891191E+03	 2.034333398E+04
 1.422418474E+03	 2.024600000E+04
 1.422945701E+03	 2.034400000E+04
 1.423472872E+03	 2.021266602E+04
 1.423999989E+03	 2.025700000E+04
 1.424527050E+03	 2.024733398E+04
 1.425054057E+03	 2.027933398E+04
 1.425581008E+03	 2.031533398E+04
 1.426107904E+03	 2.026000000E+04
 1.426634745E+03	 2.026366602E+04
 1.427161530E+03	 2.021866602E+04
 1.427688261E+03	 2.017166602E+04
 1.428214936E+03	 2.014600000E+04
 1.428741556E+03	 2.010366602E+04
 1.429268121E+03	 2.018433398E+04
 1.429794631E+03	 2.021900000E+04
 1.430321085E+03	 2.013600000E+04
 1.430847485E+03	 2.025466602E+04
 1.431373829E+03	 2.011200000E+04
 1.431900118E+03	 2.009100000E+04
 1.432426353E+03	 1.999766602E+04
 1.432952532E+03	 1.997633398E+04
 1.433478655E+03	 1.998833398E+04
 1.434004724E+03	 2.002800000E+04
 1.434530738E+03	 1.997700000E+04
 1.435056696E+03	 2.000800000E+04
 1.435582600E+03	 1.993866602E+04
 1.436108448E+03	 1.989200000E+04
 1.436634241E+03	 1.980566602E+04
 1.437159979E+03	 1.984233398E+04
 1.437685662E+03	 1.984600000E+04
 1.438211290E+03	 1.982933398E+04
 1.438736863E+03	 1.988300000E+04
 1.439262381E+03	 1.986200000E+04
 1.439787843E+03	 1.986066602E+04
 1.440313251E+03	 1.981300000E+04
 1.440838603E+03	 1.974533398E+04
 1.441363900E+03	 1.969866602E+04
 1.441889143E+03	 1.976566602E+04
 1.442414330E+03	 1.978700000E+04
 1.442939462E+03	 1.983033398E+04
 1.443464539E+03	 1.980966602E+04
 1.443989561E+03	 1.965866602E+04
 1.444514528E+03	 1.976233398E+04
 1.445039440E+03	 1.969833398E+04
 1.445564297E+03	 1.977266602E+04
 1.446089099E+03	 1.974166602E+04
 1.446613846E+03	 1.961600000E+04
 1.447138537E+03	 1.962333398E+04
 1.447663174E+03	 1.956333398E+04
 1.448187756E+03	 1.960033398E+04
 1.448712282E+03	 1.948800000E+04
 1.449236754E+03	 1.955966602E+04
 1.449761171E+03	 1.960233398E+04
 1.450285532E+03	 1.963766602E+04
 1.450809839E+03	 1.961066602E+04
 1.451334090E+03	 1.953733398E+04
 1.451858287E+03	 1.957300000E+04
 1.452382428E+03	 1.940933398E+04
 1.452906515E+03	 1.939666602E+04
 1.453430546E+03	 1.951933398E+04
 1.453954523E+03	 1.948433398E+04
 1.454478444E+03	 1.954500000E+04
 1.455002311E+03	 1.945500000E+04
 1.455526123E+03	 1.937233398E+04
 1.456049879E+03	 1.950266602E+04
 1.456573581E+03	 1.936033398E+04
 1.457097227E+03	 1.943966602E+04
 1.457620819E+03	 1.930800000E+04
 1.458144356E+03	 1.929066602E+04
 1.458667837E+03	 1.932500000E+04
 1.459191264E+03	 1.927366602E+04
 1.459714636E+03	 1.934066602E+04
 1.460237952E+03	 1.932833398E+04
 1.460761214E+03	 1.928200000E+04
 1.461284421E+03	 1.923833398E+04
 1.461807573E+03	 1.929900000E+04
 1.462330670E+03	 1.917833398E+04
 1.462853712E+03	 1.923000000E+04
 1.463376699E+03	 1.922566602E+04
 1.463899632E+03	 1.922533398E+04
 1.464422509E+03	 1.922700000E+04
 1.464945331E+03	 1.932833398E+04
 1.465468099E+03	 1.913666602E+04
 1.465990811E+03	 1.920900000E+04
 1.466513469E+03	 1.914200000E+04
 1.467036071E+03	 1.918000000E+04
 1.467558619E+03	 1.911066602E+04
 1.468081112E+03	 1.902533398E+04
 1.468603550E+03	 1.919633398E+04
 1.469125933E+03	 1.904300000E+04
 1.469648261E+03	 1.917433398E+04
 1.470170534E+03	 1.908300000E+04
 1.470692752E+03	 1.900266602E+04
 1.471214916E+03	 1.904433398E+04
 1.471737024E+03	 1.888366602E+04
 1.472259078E+03	 1.906233398E+04
 1.472781077E+03	 1.894966602E+04
 1.473303021E+03	 1.911833398E+04
 1.473824910E+03	 1.894033398E+04
 1.474346744E+03	 1.902000000E+04
 1.474868523E+03	 1.888300000E+04
 1.475390248E+03	 1.893300000E+04
 1.475911917E+03	 1.880900000E+04
 1.476433532E+03	 1.890766602E+04
 1.476955092E+03	 1.892333398E+04
 1.477476597E+03	 1.876733398E+04
 1.477998047E+03	 1.877900000E+04
 1.478519442E+03	 1.882333398E+04
 1.479040783E+03	 1.874633398E+04
 1.479562068E+03	 1.868233398E+04
 1.480083299E+03	 1.882500000E+04
 1.480604475E+03	 1.865966602E+04
 1.481125596E+03	 1.891133398E+04
 1.481646663E+03	 1.867166602E+04
 1.482167674E+03	 1.870133398E+04
 1.482688631E+03	 1.856066602E+04
 1.483209533E+03	 1.867700000E+04
 1.483730380E+03	 1.857166602E+04
 1.484251172E+03	 1.869000000E+04
 1.484771909E+03	 1.862933398E+04
 1.485292592E+03	 1.861200000E+04
 1.485813220E+03	 1.862233398E+04
 1.486333793E+03	 1.857133398E+04
 1.486854311E+03	 1.854700000E+04
 1.487374775E+03	 1.850466602E+04
 1.487895183E+03	 1.851833398E+04
 1.488415537E+03	 1.851533398E+04
 1.488935836E+03	 1.848966602E+04
 1.489456081E+03	 1.846500000E+04
 1.489976270E+03	 1.849433398E+04
 1.490496405E+03	 1.840200000E+04
 1.491016485E+03	 1.846400000E+04
 1.491536511E+03	 1.840000000E+04
 1.492056481E+03	 1.829033398E+04
 1.492576397E+03	 1.830633398E+04
 1.493096258E+03	 1.825933398E+04
 1.493616064E+03	 1.840100000E+04
 1.494135816E+03	 1.832600000E+04
 1.494655513E+03	 1.843666602E+04
 1.495175155E+03	 1.825033398E+04
 1.495694742E+03	 1.836100000E+04
 1.496214274E+03	 1.819200000E+04
 1.496733752E+03	 1.836633398E+04
 1.497253175E+03	 1.828000000E+04
 1.497772544E+03	 1.831166602E+04
 1.498291858E+03	 1.823466602E+04
 1.498811116E+03	 1.831666602E+04
 1.499330321E+03	 1.820966602E+04
 1.499849470E+03	 1.817533398E+04
 1.500368565E+03	 1.822200000E+04
 1.500887605E+03	 1.816666602E+04
 1.501406591E+03	 1.822100000E+04
 1.501925521E+03	 1.818600000E+04
 1.502444397E+03	 1.821366602E+04
 1.502963219E+03	 1.806400000E+04
 1.503481985E+03	 1.819533398E+04
 1.504000697E+03	 1.811066602E+04
 1.504519355E+03	 1.809566602E+04
 1.505037957E+03	 1.812133398E+04
 1.505556505E+03	 1.808400000E+04
 1.506074999E+03	 1.807666602E+04
 1.506593437E+03	 1.806433398E+04
 1.507111821E+03	 1.797166602E+04
 1.507630150E+03	 1.799066602E+04
 1.508148425E+03	 1.805866602E+04
 1.508666645E+03	 1.807966602E+04
 1.509184810E+03	 1.802166602E+04
 1.509702921E+03	 1.793966602E+04
 1.510220977E+03	 1.790700000E+04
 1.510738979E+03	 1.792500000E+04
 1.511256925E+03	 1.789133398E+04
 1.511774817E+03	 1.800333398E+04
 1.512292655E+03	 1.799233398E+04
 1.512810438E+03	 1.787766602E+04
 1.513328166E+03	 1.787033398E+04
 1.513845840E+03	 1.787000000E+04
 1.514363459E+03	 1.783066602E+04
 1.514881023E+03	 1.781766602E+04
 1.515398533E+03	 1.785166602E+04
 1.515915988E+03	 1.779400000E+04
 1.516433389E+03	 1.786266602E+04
 1.516950734E+03	 1.777500000E+04
 1.517468026E+03	 1.773666602E+04
 1.517985263E+03	 1.785633398E+04
 1.518502445E+03	 1.782500000E+04
 1.519019572E+03	 1.778266602E+04
 1.519536645E+03	 1.773400000E+04
 1.520053664E+03	 1.776966602E+04
 1.520570628E+03	 1.774000000E+04
 1.521087537E+03	 1.768166602E+04
 1.521604392E+03	 1.769033398E+04
 1.522121192E+03	 1.762400000E+04
 1.522637937E+03	 1.781533398E+04
 1.523154628E+03	 1.766633398E+04
 1.523671265E+03	 1.768433398E+04
 1.524187847E+03	 1.760400000E+04
 1.524704374E+03	 1.767133398E+04
 1.525220847E+03	 1.760833398E+04
 1.525737265E+03	 1.764100000E+04
 1.526253629E+03	 1.769800000E+04
 1.526769938E+03	 1.764800000E+04
 1.527286192E+03	 1.769800000E+04
 1.527802392E+03	 1.768433398E+04
 1.528318538E+03	 1.760266602E+04
 1.528834629E+03	 1.755733398E+04
 1.529350666E+03	 1.761133398E+04
 1.529866648E+03	 1.757666602E+04
 1.530382575E+03	 1.763966602E+04
 1.530898448E+03	 1.751966602E+04
 1.531414266E+03	 1.758500000E+04
 1.531930030E+03	 1.756400000E+04
 1.532445740E+03	 1.757433398E+04
 1.532961395E+03	 1.750833398E+04
 1.533476995E+03	 1.756233398E+04
 1.533992541E+03	 1.755900000E+04
 1.534508033E+03	 1.745966602E+04
 1.535023470E+03	 1.747566602E+04
 1.535538852E+03	 1.745600000E+04
 1.536054180E+03	 1.750033398E+04
 1.536569454E+03	 1.745400000E+04
 1.537084673E+03	 1.747333398E+04
 1.537599837E+03	 1.737666602E+04
 1.538114947E+03	 1.744033398E+04
 1.538630003E+03	 1.748433398E+04
 1.539145004E+03	 1.747933398E+04
 1.539659951E+03	 1.750933398E+04
 1.540174843E+03	 1.741300000E+04
 1.540689681E+03	 1.740033398E+04
 1.541204465E+03	 1.730500000E+04
 1.541719194E+03	 1.739033398E+04
 1.542233868E+03	 1.731533398E+04
 1.542748488E+03	 1.746833398E+04
 1.543263054E+03	 1.732566602E+04
 1.543777565E+03	 1.734866602E+04
 1.544292022E+03	 1.732066602E+04
 1.544806424E+03	 1.737600000E+04
 1.545320772E+03	 1.733266602E+04
 1.545835066E+03	 1.727366602E+04
 1.546349305E+03	 1.729966602E+04
 1.546863489E+03	 1.736233398E+04
 1.547377620E+03	 1.736100000E+04
 1.547891696E+03	 1.727300000E+04
 1.548405717E+03	 1.729833398E+04
 1.548919684E+03	 1.723866602E+04
 1.549433597E+03	 1.722933398E+04
 1.549947455E+03	 1.723633398E+04
 1.550461259E+03	 1.720433398E+04
 1.550975009E+03	 1.728766602E+04
 1.551488704E+03	 1.732966602E+04
 1.552002345E+03	 1.723466602E+04
 1.552515931E+03	 1.718666602E+04
 1.553029463E+03	 1.730933398E+04
 1.553542941E+03	 1.722400000E+04
 1.554056364E+03	 1.727566602E+04
 1.554569733E+03	 1.718700000E+04
 1.555083048E+03	 1.717800000E+04
 1.555596308E+03	 1.721066602E+04
 1.556109514E+03	 1.709333398E+04
 1.556622665E+03	 1.719400000E+04
 1.557135762E+03	 1.715366602E+04
 1.557648805E+03	 1.735600000E+04
 1.558161794E+03	 1.710100000E+04
 1.558674728E+03	 1.717466602E+04
 1.559187608E+03	 1.701866602E+04
 1.559700433E+03	 1.711266602E+04
 1.560213205E+03	 1.710500000E+04
 1.560725921E+03	 1.709600000E+04
 1.561238584E+03	 1.709800000E+04
 1.561751192E+03	 1.707433398E+04
 1.562263746E+03	 1.709333398E+04
 1.562776246E+03	 1.696000000E+04
 1.563288691E+03	 1.701966602E+04
 1.563801082E+03	 1.694400000E+04
 1.564313419E+03	 1.699200000E+04
 1.564825701E+03	 1.692433398E+04
 1.565337929E+03	 1.702800000E+04
 1.565850103E+03	 1.701100000E+04
 1.566362223E+03	 1.693133398E+04
 1.566874288E+03	 1.688000000E+04
 1.567386299E+03	 1.701433398E+04
 1.567898256E+03	 1.690300000E+04
 1.568410158E+03	 1.678333398E+04
 1.568922007E+03	 1.694066602E+04
 1.569433800E+03	 1.676366602E+04
 1.569945540E+03	 1.692200000E+04
 1.570457226E+03	 1.688800000E+04
 1.570968857E+03	 1.687700000E+04
 1.571480434E+03	 1.689766602E+04
 1.571991956E+03	 1.681233398E+04
 1.572503425E+03	 1.688933398E+04
 1.573014839E+03	 1.687533398E+04
 1.573526199E+03	 1.679900000E+04
 1.574037505E+03	 1.675800000E+04
 1.574548756E+03	 1.683433398E+04
 1.575059953E+03	 1.676200000E+04
 1.575571096E+03	 1.682733398E+04
 1.576082185E+03	 1.679700000E+04
 1.576593220E+03	 1.677366602E+04
 1.577104200E+03	 1.684733398E+04
 1.577615126E+03	 1.675000000E+04
 1.578125998E+03	 1.681133398E+04
 1.578636816E+03	 1.664900000E+04
 1.579147580E+03	 1.675366602E+04
 1.579658289E+03	 1.664000000E+04
 1.580168944E+03	 1.683433398E+04
 1.580679545E+03	 1.661666602E+04
 1.581190092E+03	 1.666533398E+04
 1.581700585E+03	 1.650433398E+04
 1.582211023E+03	 1.664733398E+04
 1.582721407E+03	 1.668800000E+04
 1.583231737E+03	 1.655266602E+04
 1.583742013E+03	 1.658466602E+04
 1.584252235E+03	 1.649566602E+04
 1.584762403E+03	 1.663000000E+04
 1.585272516E+03	 1.652533398E+04
 1.585782575E+03	 1.667433398E+04
 1.586292581E+03	 1.650066602E+04
 1.586802532E+03	 1.651566602E+04
 1.587312428E+03	 1.656000000E+04
 1.587822271E+03	 1.655666602E+04
 1.588332060E+03	 1.651166602E+04
 1.588841794E+03	 1.652166602E+04
 1.589351474E+03	 1.653000000E+04
 1.589861100E+03	 1.642100000E+04
 1.590370672E+03	 1.653833398E+04
 1.590880190E+03	 1.646733398E+04
 1.591389654E+03	 1.659800000E+04
 1.591899064E+03	 1.646933398E+04
 1.592408419E+03	 1.649666602E+04
