1074.300841	12.72150612
1077.118411	10.33972836
1082.749209	9.576233864
1091.746453	6.034586906
1092.308289	6.838285446
1092.870068	6.841934681
1094.555057	5.052834034
1095.116604	6.856532097
1096.8009	5.667468071
1099.606905	2.885726929
1100.167932	2.089327335
1100.728902	2.292989016
1101.289815	1.496650577
1101.850669	5.500299931
1102.411466	3.103924751
1102.972205	6.107573986
1103.532886	4.111223698
1104.09351	4.714909554
1104.654076	2.118522406
1105.214584	2.522196054
1105.775035	3.325833321
1106.335428	4.929519176
1106.895763	0.1331197172
1107.456041	2.336781263
1108.01626	8.540442467
1108.576423	6.344079971
1109.136527	2.147717237
1109.696574	4.551391125
1110.256563	1.55504024
1110.816494	5.958714008
1111.376368	5.962363243
1111.936184	4.165964127
1112.495943	3.969662189
1113.055644	3.773299217
1113.615287	1.576936483
1114.174873	1.980610251
1114.734401	2.184210777
1115.293871	1.187860131
1115.853284	3.191509485
1116.412639	2.795195341
1116.971936	3.3988204
1117.531176	0.6024819613
1118.090359	2.006155729
1118.649483	4.009805202
1119.20855	1.013454437
1119.76756	0.8170915842
1120.326512	4.62072897
1120.885406	4.22435379
1121.444243	3.028051853
1122.003022	0.2316524088
1122.561743	2.635326147
1123.120407	9.038999557
1123.679014	1.042649269
1124.237562	1.246249795
1124.796054	1.049947977
1125.354487	3.253548622
1125.912864	3.057246685
1126.471182	2.460859537
1127.029443	3.464508772
1127.587647	2.468158245
1128.145793	1.471807599
1128.703881	0.6754691005
1129.261912	1.2790941
1129.819886	2.882780075
1130.377801	6.686417103
1130.93566	1.290042162
1131.493461	0.493703723
1132.051204	2.897377491
1132.60889	1.101039052
1133.166518	2.104688406
1133.724089	2.108337879
1134.281602	1.111987114
1134.839058	2.315587759
1135.396457	1.119285822
1135.953798	0.9229229689
1136.511081	-1.073427677
1137.068307	1.130233884
1137.625475	1.733858824
1138.182586	0.3374837935
1138.73964	-0.2588424087
1139.296636	1.944819093
1139.853575	0.5484440923
1140.410456	4.152130127
1140.96728	-2.244245052
1141.524046	1.959416628
1142.080755	1.363029361
1142.637406	3.366678715
1143.194	3.570340157
1143.750537	0.9740139842
1144.307016	0.9776633978
1144.863438	0.1813249439
1145.419802	2.984961987
1145.976109	0.9886114597
1146.532358	0.3922241926
1147.08855	0.7958979607
1147.644685	3.199571848
1148.200762	1.803196669
1148.756782	1.606833816
1149.312745	0.2105198056
1149.86865	0.4141203463
1150.424498	-1.182205915
1150.980288	0.6214312911
1151.536021	1.225117207
1152.091697	0.4287177622
1152.647315	0.4323671162
1153.202876	3.236065388
1153.75838	2.439665794
1154.313826	0.443315208
1154.869215	-0.353023231
1155.424546	-1.749337196
1155.979821	0.854287684
1156.535037	-0.942050755
1157.090197	3.861586332
1157.645299	-1.334776402
1158.200344	1.268909574
1158.755332	1.472510099
1159.310262	-0.5238405466
1159.865135	2.479808807
1160.419951	1.083494782
1160.974709	2.287156343
1161.52941	2.49075675
1162.084054	-1.705544949
1162.63864	1.098092198
1163.193169	0.5017049313
1163.747641	-0.6945968866
1164.302056	0.3090524971
1164.856413	-0.487346977
1165.410713	4.916327
1165.964956	0.9199761748
1166.519142	0.7236133218
1167.07327	1.12728703
1167.627341	-1.26908803
1168.181355	0.1345857978
1168.735311	2.938222885
1169.28921	-0.8581154943
1169.843052	-0.05447833613
1170.396837	-0.4508534074
1170.950565	1.152832627
1171.504235	2.956469774
1172.057848	-0.6398565173
1172.611404	-0.03623154387
1173.164903	0.3674422204
1173.718344	-1.828920603
1174.271729	0.7747043371
1174.825056	1.178378105
1175.378326	-0.8179725409
1175.931538	0.7856523991
1176.484694	-0.8106738329
1177.037792	-0.8070244789
1177.590833	0.596588254
1178.143817	-2.799725771
1178.696744	-1.796076417
1179.249613	-1.792427063
1179.802426	0.01121011749
1180.355181	-0.1851527244
1180.907879	-1.381515622
1181.46052	-3.377866268
1182.013104	-0.9741924405
1182.565631	-0.3705675006
1183.1181	-1.16690588
1183.670512	0.2367678285
1184.222868	0.4404293895
1184.775166	-1.755933404
1185.327407	0.04770370573
1185.87959	-1.14865911
1186.431717	-1.345021963
1186.983787	-1.741335988
1187.535799	-0.7376866341
1188.087755	0.4659748971
1188.639653	-1.730387926
1189.191494	0.4732736349
1189.743278	0.8768863678
1190.295005	-0.3194764853
1190.846675	-0.7157905102
1191.398288	0.8878344297
1191.949844	-0.3085283935
1192.501342	-0.5048302412
1193.052784	-0.7011930943
1193.604168	-1.097568154
1194.155496	1.306105614
1194.706766	0.5097672343
1195.257979	-1.286632299
1195.809136	-2.082970619
1196.360235	-0.6792969108
1196.911277	0.5243646502
1197.462262	-0.8720104098
1198.01319	0.1316389591
1198.564061	-0.4646872878
1199.114876	-0.06107453629
1199.665633	0.9425747991
1205.720197	-1.617257833
1212.317314	-1.973489881
1213.416037	-1.966191173
1218.35747	-2.533322573
1218.906233	18.27031517
1221.649198	1.688585758
1224.390742	-2.49317956
1224.93888	-0.8895546794
1227.678718	-0.8713079095
1228.226516	-0.6676463485
1229.869566	2.54331398
1233.154134	2.16518569
1238.623872	-1.398296356
1239.717138	2.208977938
1242.995577	1.030861974
1243.541785	1.034511328
1245.180068	1.645496011
1245.726049	2.249120951
1250.637328	2.281965256
1253.363834	2.900248528
1255.544019	3.114797115
1257.723298	2.729431152
1259.357163	5.140342712
1262.079139	3.158589602
1263.167534	4.965937138
1264.255702	9.773223877
1264.799702	20.77687263
1265.343645	39.38049698
1265.887531	35.18413544
1266.431361	15.18778419
1266.975134	9.391446114
1267.51885	6.195083141
1282.177845	7.693640232
1283.804082	15.30456352
1284.346048	34.30821228
1284.887958	105.111908
1285.429811	410.9154968
1285.971608	551.5192261
1286.513348	184.1228638
1287.055032	46.92649841
1287.59666	21.33010864
1288.138231	10.93379498
1288.679746	9.137456894
1289.221205	8.741082191
1290.303953	6.348356247
1291.927652	4.159353256
1293.009837	4.166651726
1293.550844	3.570264578
1300.578819	1.61770618
1301.119038	1.621355534
1301.659201	1.625004888
1303.279353	2.435940742
1305.97848	1.854211926
1309.754896	1.679745317
1310.833365	1.687044024
1311.91161	1.694342732
1312.450649	1.497979879
1312.989631	1.501629233
1318.914724	2.341820955
1322.681701	2.967342138
1332.892491	2.23669219
1339.330984	2.880460024
1352.183784	2.368068933
1353.253397	1.975343347
1353.788119	1.978992701
1354.322785	2.182654142
1365.537875	2.859266281
1366.071312	3.062927961
1366.604694	3.066577196
1369.270767	4.884811878
1369.803814	5.288485527
1371.935445	3.103070974
1376.19603	5.132265568
1376.728352	5.135915279
1378.857084	2.95050025
1385.769309	9.397966385
1386.300629	17.40161514
1386.831893	18.40526581
1387.363101	32.60892487
1387.894254	75.41256714
1388.425351	371.2162476
1388.956393	976.4198608
1389.487379	492.0234985
1390.018309	90.02713776
1390.549184	38.63082123
1391.080003	17.03443527
1391.610767	12.83813381
1392.141475	9.641771317
1392.672127	6.845432281
1393.202723	6.849081993
1395.854873	3.867328644
1396.385136	3.270941257
1396.915343	3.274590731
1397.975592	2.681913853
1408.036869	7.151215076
1408.565854	9.554888725
1409.094785	9.558538437
1409.623659	30.96221161
1410.152479	69.76584625
1410.681243	70.96951294
1411.209951	21.57313538
1411.738604	9.776797295
1421.772474	2.24609828
1422.300018	2.249747753
1423.354941	2.257046461
1423.882319	2.860732317
1425.464121	2.871680498
1429.153055	2.097238302
1430.733197	2.708161831
1431.2598	2.711811304
1434.944474	2.137381077
1435.470635	2.14103055
1440.729203	2.377475262
1442.831083	2.192121506
1444.406913	1.803045154
1452.802948	1.461410522
1453.327231	2.065096617
1454.375632	2.072395325
1459.090707	1.505202889
1461.708264	2.523449659
1467.462042	-1.436407447
1473.20916	0.8037477136
1474.7754	-1.585267544
1476.341145	-1.174356103
1489.36979	0.5169144869
1496.650844	0.7679566741
1497.690117	0.9752675891
1503.921152	-1.780927896
1510.144299	0.4628765881
1516.877149	-2.889706135
1519.464246	1.728577256
1523.083887	0.9540739655
1524.117578	7.361397266
1528.250158	2.590604067
1530.831247	-1.791173458
1533.410971	-3.372902155
1536.50484	-2.150993824
1538.566329	-0.7364330888
1547.317929	-1.674394011
1559.133289	2.00957799
1562.723559	1.835111141
1569.384142	2.482528448
1573.98994	2.71538496
1584.719723	1.592009187
1593.388243	3.654048204
1600.006562	1.901502132
1601.532569	3.712438107
1603.05809	0.9233983159
1603.566488	1.527023196
1608.139648	1.159904122
1608.647507	1.363565683
1609.155312	2.167202711
