 1.042452273E+03	 2.116259961E+04
 1.043018714E+03	 2.094459961E+04
 1.043585098E+03	 2.119440039E+04
 1.044151424E+03	 2.105000000E+04
 1.044717692E+03	 2.111819922E+04
 1.045283903E+03	 2.099900000E+04
 1.045850056E+03	 2.115519922E+04
 1.046416151E+03	 2.092100000E+04
 1.046982188E+03	 2.106980078E+04
 1.047548167E+03	 2.089300000E+04
 1.048114089E+03	 2.103419922E+04
 1.048679953E+03	 2.084180078E+04
 1.049245760E+03	 2.102519922E+04
 1.049811509E+03	 2.086280078E+04
 1.050377200E+03	 2.096319922E+04
 1.050942833E+03	 2.095280078E+04
 1.051508408E+03	 2.092180078E+04
 1.052073926E+03	 2.083059961E+04
 1.052639387E+03	 2.088059961E+04
 1.053204789E+03	 2.081500000E+04
 1.053770134E+03	 2.092980078E+04
 1.054335421E+03	 2.078580078E+04
 1.054900651E+03	 2.087959961E+04
 1.055465823E+03	 2.074119922E+04
 1.056030937E+03	 2.092380078E+04
 1.056595993E+03	 2.079480078E+04
 1.057160992E+03	 2.082380078E+04
 1.057725934E+03	 2.074459961E+04
 1.058290817E+03	 2.087000000E+04
 1.058855643E+03	 2.075900000E+04
 1.059420411E+03	 2.070080078E+04
 1.059985122E+03	 2.069159961E+04
 1.060549775E+03	 2.074119922E+04
 1.061114371E+03	 2.067740039E+04
 1.061678908E+03	 2.079980078E+04
 1.062243389E+03	 2.062300000E+04
 1.062807811E+03	 2.068540039E+04
 1.063372176E+03	 2.052680078E+04
 1.063936483E+03	 2.059019922E+04
 1.064500733E+03	 2.049980078E+04
 1.065064925E+03	 2.060119922E+04
 1.065629060E+03	 2.056059961E+04
 1.066193137E+03	 2.058100000E+04
 1.066757156E+03	 2.054719922E+04
 1.067321118E+03	 2.049800000E+04
 1.067885022E+03	 2.049619922E+04
 1.068448869E+03	 2.051000000E+04
 1.069012658E+03	 2.041219922E+04
 1.069576390E+03	 2.048200000E+04
 1.070140063E+03	 2.042059961E+04
 1.070703680E+03	 2.049300000E+04
 1.071267239E+03	 2.042359961E+04
 1.071830740E+03	 2.039019922E+04
 1.072394184E+03	 2.035619922E+04
 1.072957570E+03	 2.031200000E+04
 1.073520899E+03	 2.026419922E+04
 1.074084170E+03	 2.035040039E+04
 1.074647383E+03	 2.031840039E+04
 1.075210540E+03	 2.025140039E+04
 1.075773638E+03	 2.027280078E+04
 1.076336679E+03	 2.021180078E+04
 1.076899663E+03	 2.023859961E+04
 1.077462589E+03	 2.015819922E+04
 1.078025457E+03	 2.020180078E+04
 1.078588268E+03	 2.012100000E+04
 1.079151022E+03	 2.012100000E+04
 1.079713718E+03	 2.013940039E+04
 1.080276356E+03	 2.009359961E+04
 1.080838937E+03	 2.010559961E+04
 1.081401461E+03	 2.012300000E+04
 1.081963927E+03	 2.004100000E+04
 1.082526336E+03	 2.000140039E+04
 1.083088687E+03	 2.006840039E+04
 1.083650981E+03	 1.997759961E+04
 1.084213217E+03	 1.993780078E+04
 1.084775396E+03	 1.990559961E+04
 1.085337517E+03	 1.983759961E+04
 1.085899581E+03	 1.980480078E+04
 1.086461587E+03	 1.978719922E+04
 1.087023536E+03	 1.997619922E+04
 1.087585428E+03	 1.978540039E+04
 1.088147262E+03	 1.980419922E+04
 1.088709039E+03	 1.979159961E+04
 1.089270758E+03	 1.970459961E+04
 1.089832420E+03	 1.968919922E+04
 1.090394024E+03	 1.967419922E+04
 1.090955571E+03	 1.958240039E+04
 1.091517061E+03	 1.961559961E+04
 1.092078493E+03	 1.952900000E+04
 1.092639868E+03	 1.959859961E+04
 1.093201185E+03	 1.960640039E+04
 1.093762445E+03	 1.957980078E+04
 1.094323648E+03	 1.948700000E+04
 1.094884793E+03	 1.951059961E+04
 1.095445881E+03	 1.947019922E+04
 1.096006911E+03	 1.941719922E+04
 1.096567884E+03	 1.949319922E+04
 1.097128800E+03	 1.939919922E+04
 1.097689659E+03	 1.942680078E+04
 1.098250460E+03	 1.943219922E+04
 1.098811203E+03	 1.931880078E+04
 1.099371890E+03	 1.936740039E+04
 1.099932518E+03	 1.943880078E+04
 1.100493090E+03	 1.935459961E+04
 1.101053604E+03	 1.929219922E+04
 1.101614061E+03	 1.918440039E+04
 1.102174461E+03	 1.923900000E+04
 1.102734803E+03	 1.909540039E+04
 1.103295088E+03	 1.919119922E+04
 1.103855316E+03	 1.918100000E+04
 1.104415486E+03	 1.912059961E+04
 1.104975599E+03	 1.912200000E+04
 1.105535655E+03	 1.906740039E+04
 1.106095653E+03	 1.899240039E+04
 1.106655594E+03	 1.898619922E+04
 1.107215478E+03	 1.899559961E+04
 1.107775305E+03	 1.900040039E+04
 1.108335074E+03	 1.902519922E+04
 1.108894786E+03	 1.890519922E+04
 1.109454440E+03	 1.887100000E+04
 1.110014038E+03	 1.903159961E+04
 1.110573578E+03	 1.893459961E+04
 1.111133061E+03	 1.891280078E+04
 1.111692486E+03	 1.885019922E+04
 1.112251854E+03	 1.887859961E+04
 1.112811165E+03	 1.880919922E+04
 1.113370419E+03	 1.884580078E+04
 1.113929616E+03	 1.876980078E+04
 1.114488755E+03	 1.878680078E+04
 1.115047837E+03	 1.872000000E+04
 1.115606862E+03	 1.886659961E+04
 1.116165830E+03	 1.877519922E+04
 1.116724740E+03	 1.876900000E+04
 1.117283593E+03	 1.870340039E+04
 1.117842389E+03	 1.863980078E+04
 1.118401128E+03	 1.863440039E+04
 1.118959809E+03	 1.876459961E+04
 1.119518433E+03	 1.866319922E+04
 1.120077000E+03	 1.865100000E+04
 1.120635510E+03	 1.861359961E+04
 1.121193963E+03	 1.860519922E+04
 1.121752358E+03	 1.865619922E+04
 1.122310697E+03	 1.866100000E+04
 1.122868978E+03	 1.858880078E+04
 1.123427202E+03	 1.865119922E+04
 1.123985368E+03	 1.855819922E+04
 1.124543478E+03	 1.864200000E+04
 1.125101530E+03	 1.844459961E+04
 1.125659526E+03	 1.853040039E+04
 1.126217464E+03	 1.847300000E+04
 1.126775345E+03	 1.851780078E+04
 1.127333168E+03	 1.839419922E+04
 1.127890935E+03	 1.845319922E+04
 1.128448644E+03	 1.838880078E+04
 1.129006297E+03	 1.844740039E+04
 1.129563892E+03	 1.846380078E+04
 1.130121430E+03	 1.847340039E+04
 1.130678911E+03	 1.842640039E+04
 1.131236335E+03	 1.846880078E+04
 1.131793701E+03	 1.831840039E+04
 1.132351011E+03	 1.842319922E+04
 1.132908263E+03	 1.834880078E+04
 1.133465458E+03	 1.842419922E+04
 1.134022597E+03	 1.830940039E+04
 1.134579678E+03	 1.837180078E+04
 1.135136702E+03	 1.835159961E+04
 1.135693669E+03	 1.840259961E+04
 1.136250578E+03	 1.830540039E+04
 1.136807431E+03	 1.841959961E+04
 1.137364227E+03	 1.829759961E+04
 1.137920965E+03	 1.831240039E+04
 1.138477647E+03	 1.828000000E+04
 1.139034271E+03	 1.831440039E+04
 1.139590839E+03	 1.825540039E+04
 1.140147349E+03	 1.839380078E+04
 1.140703802E+03	 1.825340039E+04
 1.141260198E+03	 1.832780078E+04
 1.141816537E+03	 1.822000000E+04
 1.142372820E+03	 1.830900000E+04
 1.142929045E+03	 1.825659961E+04
 1.143485213E+03	 1.830419922E+04
 1.144041323E+03	 1.825559961E+04
 1.144597377E+03	 1.827780078E+04
 1.145153374E+03	 1.824459961E+04
 1.145709314E+03	 1.827100000E+04
 1.146265197E+03	 1.821380078E+04
 1.146821023E+03	 1.832100000E+04
 1.147376792E+03	 1.814219922E+04
 1.147932503E+03	 1.823319922E+04
 1.148488158E+03	 1.821159961E+04
 1.149043756E+03	 1.818080078E+04
 1.149599297E+03	 1.816700000E+04
 1.150154781E+03	 1.819880078E+04
 1.150710207E+03	 1.815540039E+04
 1.151265577E+03	 1.831659961E+04
 1.151820890E+03	 1.817500000E+04
 1.152376146E+03	 1.826359961E+04
 1.152931345E+03	 1.815819922E+04
 1.153486487E+03	 1.808180078E+04
 1.154041572E+03	 1.802259961E+04
 1.154596600E+03	 1.819840039E+04
 1.155151571E+03	 1.810819922E+04
 1.155706485E+03	 1.821400000E+04
 1.156261342E+03	 1.813180078E+04
 1.156816142E+03	 1.821840039E+04
 1.157370885E+03	 1.808480078E+04
 1.157925572E+03	 1.820980078E+04
 1.158480201E+03	 1.814400000E+04
 1.159034774E+03	 1.811259961E+04
 1.159589289E+03	 1.804740039E+04
 1.160143748E+03	 1.807819922E+04
 1.160698149E+03	 1.804780078E+04
 1.161252494E+03	 1.808380078E+04
 1.161806782E+03	 1.805340039E+04
 1.162361013E+03	 1.802059961E+04
 1.162915187E+03	 1.803400000E+04
 1.163469304E+03	 1.799640039E+04
 1.164023364E+03	 1.808000000E+04
 1.164577368E+03	 1.795100000E+04
 1.165131314E+03	 1.806540039E+04
 1.165685204E+03	 1.794380078E+04
 1.166239036E+03	 1.794640039E+04
 1.166792812E+03	 1.793800000E+04
 1.167346531E+03	 1.797040039E+04
 1.167900193E+03	 1.794000000E+04
 1.168453798E+03	 1.790180078E+04
 1.169007347E+03	 1.789500000E+04
 1.169560838E+03	 1.798080078E+04
 1.170114273E+03	 1.784759961E+04
 1.170667650E+03	 1.787819922E+04
 1.171220971E+03	 1.778659961E+04
 1.171774235E+03	 1.779380078E+04
 1.172327443E+03	 1.780540039E+04
 1.172880593E+03	 1.785459961E+04
 1.173433687E+03	 1.784959961E+04
 1.173986723E+03	 1.780080078E+04
 1.174539703E+03	 1.779559961E+04
 1.175092626E+03	 1.779740039E+04
 1.175645493E+03	 1.777659961E+04
 1.176198302E+03	 1.779400000E+04
 1.176751055E+03	 1.768459961E+04
 1.177303751E+03	 1.775619922E+04
 1.177856390E+03	 1.768740039E+04
 1.178408972E+03	 1.777440039E+04
 1.178961498E+03	 1.767219922E+04
 1.179513966E+03	 1.774080078E+04
 1.180066378E+03	 1.767259961E+04
 1.180618733E+03	 1.776800000E+04
 1.181171032E+03	 1.758700000E+04
 1.181723273E+03	 1.768000000E+04
 1.182275458E+03	 1.764959961E+04
 1.182827586E+03	 1.771280078E+04
 1.183379657E+03	 1.759659961E+04
 1.183931672E+03	 1.759340039E+04
 1.184483630E+03	 1.754419922E+04
 1.185035531E+03	 1.752640039E+04
 1.185587375E+03	 1.754500000E+04
 1.186139162E+03	 1.756519922E+04
 1.186690893E+03	 1.750740039E+04
 1.187242567E+03	 1.749240039E+04
 1.187794184E+03	 1.750680078E+04
 1.188345745E+03	 1.753580078E+04
 1.188897249E+03	 1.755480078E+04
 1.189448696E+03	 1.742240039E+04
 1.190000086E+03	 1.751919922E+04
 1.190551420E+03	 1.753319922E+04
 1.191102697E+03	 1.746100000E+04
 1.191653918E+03	 1.736240039E+04
 1.192205081E+03	 1.744259961E+04
 1.192756188E+03	 1.738940039E+04
 1.193307238E+03	 1.740200000E+04
 1.193858232E+03	 1.736619922E+04
 1.194409169E+03	 1.741600000E+04
 1.194960049E+03	 1.731040039E+04
 1.195510872E+03	 1.739259961E+04
 1.196061639E+03	 1.728219922E+04
 1.196612349E+03	 1.735700000E+04
 1.197163003E+03	 1.736980078E+04
 1.197713599E+03	 1.736280078E+04
 1.198264139E+03	 1.727859961E+04
 1.198814623E+03	 1.725740039E+04
 1.199365050E+03	 1.719680078E+04
 1.199915420E+03	 1.730800000E+04
 1.200465734E+03	 1.716859961E+04
 1.201015990E+03	 1.719600000E+04
 1.201566191E+03	 1.722419922E+04
 1.202116334E+03	 1.715600000E+04
 1.202666421E+03	 1.714780078E+04
 1.203216452E+03	 1.714519922E+04
 1.203766425E+03	 1.714500000E+04
 1.204316343E+03	 1.711780078E+04
 1.204866203E+03	 1.713680078E+04
 1.205416007E+03	 1.714159961E+04
 1.205965754E+03	 1.713780078E+04
 1.206515445E+03	 1.700400000E+04
 1.207065079E+03	 1.698719922E+04
 1.207614657E+03	 1.699800000E+04
 1.208164177E+03	 1.704740039E+04
 1.208713642E+03	 1.693519922E+04
 1.209263050E+03	 1.705180078E+04
 1.209812401E+03	 1.700600000E+04
 1.210361695E+03	 1.699640039E+04
 1.210910933E+03	 1.692980078E+04
 1.211460115E+03	 1.692719922E+04
 1.212009240E+03	 1.689659961E+04
 1.212558308E+03	 1.698219922E+04
 1.213107320E+03	 1.693640039E+04
 1.213656275E+03	 1.688240039E+04
 1.214205174E+03	 1.691600000E+04
 1.214754016E+03	 1.691600000E+04
 1.215302801E+03	 1.688019922E+04
 1.215851530E+03	 1.684200000E+04
 1.216400203E+03	 1.685380078E+04
 1.216948819E+03	 1.679759961E+04
 1.217497378E+03	 1.687900000E+04
 1.218045881E+03	 1.682300000E+04
 1.218594327E+03	 1.678900000E+04
 1.219142717E+03	 1.678700000E+04
 1.219691051E+03	 1.676919922E+04
 1.220239327E+03	 1.669440039E+04
 1.220787548E+03	 1.674000000E+04
 1.221335712E+03	 1.673440039E+04
 1.221883819E+03	 1.670080078E+04
 1.222431870E+03	 1.666700000E+04
 1.222979864E+03	 1.675100000E+04
 1.223527802E+03	 1.666080078E+04
 1.224075683E+03	 1.669400000E+04
 1.224623508E+03	 1.654659961E+04
 1.225171277E+03	 1.670340039E+04
 1.225718989E+03	 1.661019922E+04
 1.226266644E+03	 1.665380078E+04
 1.226814243E+03	 1.655480078E+04
 1.227361786E+03	 1.662640039E+04
 1.227909272E+03	 1.651580078E+04
 1.228456702E+03	 1.663859961E+04
 1.229004075E+03	 1.648500000E+04
 1.229551392E+03	 1.659600000E+04
 1.230098652E+03	 1.650859961E+04
 1.230645856E+03	 1.652459961E+04
 1.231193003E+03	 1.653640039E+04
 1.231740094E+03	 1.645880078E+04
 1.232287129E+03	 1.652619922E+04
 1.232834107E+03	 1.652459961E+04
 1.233381029E+03	 1.647540039E+04
 1.233927894E+03	 1.648240039E+04
 1.234474703E+03	 1.646559961E+04
 1.235021455E+03	 1.641380078E+04
 1.235568151E+03	 1.650400000E+04
 1.236114791E+03	 1.634959961E+04
 1.236661374E+03	 1.642719922E+04
 1.237207901E+03	 1.638580078E+04
 1.237754372E+03	 1.640959961E+04
 1.238300786E+03	 1.630120020E+04
 1.238847144E+03	 1.637659961E+04
 1.239393445E+03	 1.627840039E+04
 1.239939690E+03	 1.633300000E+04
 1.240485879E+03	 1.626779980E+04
 1.241032011E+03	 1.635600000E+04
 1.241578087E+03	 1.622479980E+04
 1.242124106E+03	 1.627800000E+04
 1.242670070E+03	 1.619859961E+04
 1.243215976E+03	 1.626920020E+04
 1.243761827E+03	 1.614659961E+04
 1.244307621E+03	 1.627820020E+04
 1.244853359E+03	 1.628620020E+04
 1.245399040E+03	 1.628559961E+04
 1.245944665E+03	 1.616979980E+04
 1.246490234E+03	 1.626400000E+04
 1.247035746E+03	 1.619300000E+04
 1.247581203E+03	 1.618920020E+04
 1.248126602E+03	 1.611079980E+04
 1.248671946E+03	 1.614259961E+04
 1.249217233E+03	 1.613000000E+04
 1.249762464E+03	 1.610820020E+04
 1.250307638E+03	 1.611579980E+04
 1.250852757E+03	 1.609679980E+04
 1.251397819E+03	 1.618059961E+04
 1.251942824E+03	 1.602020020E+04
 1.252487774E+03	 1.617479980E+04
 1.253032667E+03	 1.616340039E+04
 1.253577503E+03	 1.609059961E+04
 1.254122284E+03	 1.604540039E+04
 1.254667008E+03	 1.606940039E+04
 1.255211676E+03	 1.598459961E+04
 1.255756288E+03	 1.611800000E+04
 1.256300843E+03	 1.598600000E+04
 1.256845342E+03	 1.603140039E+04
 1.257389785E+03	 1.592359961E+04
 1.257934172E+03	 1.599900000E+04
 1.258478502E+03	 1.594640039E+04
 1.259022776E+03	 1.599620020E+04
 1.259566994E+03	 1.587720020E+04
 1.260111156E+03	 1.595540039E+04
 1.260655261E+03	 1.591840039E+04
 1.261199311E+03	 1.588340039E+04
 1.261743304E+03	 1.587100000E+04
 1.262287240E+03	 1.594679980E+04
 1.262831121E+03	 1.588120020E+04
 1.263374945E+03	 1.588000000E+04
 1.263918713E+03	 1.582040039E+04
 1.264462425E+03	 1.582959961E+04
 1.265006081E+03	 1.588759961E+04
 1.265549680E+03	 1.590120020E+04
 1.266093223E+03	 1.577140039E+04
 1.266636711E+03	 1.580040039E+04
 1.267180141E+03	 1.571640039E+04
 1.267723516E+03	 1.582720020E+04
 1.268266835E+03	 1.575100000E+04
 1.268810097E+03	 1.574479980E+04
 1.269353303E+03	 1.571079980E+04
 1.269896453E+03	 1.573940039E+04
 1.270439547E+03	 1.574959961E+04
 1.270982584E+03	 1.573759961E+04
 1.271525566E+03	 1.571559961E+04
 1.272068491E+03	 1.567300000E+04
 1.272611360E+03	 1.576020020E+04
 1.273154173E+03	 1.573040039E+04
 1.273696930E+03	 1.572959961E+04
 1.274239631E+03	 1.568120020E+04
 1.274782275E+03	 1.563320020E+04
 1.275324864E+03	 1.555100000E+04
 1.275867396E+03	 1.561059961E+04
 1.276409872E+03	 1.561500000E+04
 1.276952292E+03	 1.563640039E+04
 1.277494656E+03	 1.559779980E+04
 1.278036964E+03	 1.562659961E+04
 1.278579215E+03	 1.551079980E+04
 1.279121411E+03	 1.557940039E+04
 1.279663550E+03	 1.555059961E+04
 1.280205634E+03	 1.549879980E+04
 1.280747661E+03	 1.551520020E+04
 1.281289632E+03	 1.553959961E+04
 1.281831547E+03	 1.548079980E+04
 1.282373406E+03	 1.546240039E+04
 1.282915209E+03	 1.543379980E+04
 1.283456955E+03	 1.544400000E+04
 1.283998646E+03	 1.539959961E+04
 1.284540281E+03	 1.551379980E+04
 1.285081859E+03	 1.573040039E+04
 1.285623381E+03	 1.630840039E+04
 1.286164848E+03	 1.605459961E+04
 1.286706258E+03	 1.550259961E+04
 1.287247612E+03	 1.542659961E+04
 1.287788911E+03	 1.532879980E+04
 1.288330153E+03	 1.534859961E+04
 1.288871339E+03	 1.532279980E+04
 1.289412469E+03	 1.533859961E+04
 1.289953543E+03	 1.532840039E+04
 1.290494561E+03	 1.534340039E+04
 1.291035523E+03	 1.528620020E+04
 1.291576428E+03	 1.524359961E+04
 1.292117278E+03	 1.525020020E+04
 1.292658072E+03	 1.524140039E+04
 1.293198810E+03	 1.521659961E+04
 1.293739492E+03	 1.526359961E+04
 1.294280118E+03	 1.523040039E+04
 1.294820687E+03	 1.526740039E+04
 1.295361201E+03	 1.512059961E+04
 1.295901659E+03	 1.519740039E+04
 1.296442061E+03	 1.510059961E+04
 1.296982406E+03	 1.521779980E+04
 1.297522696E+03	 1.520320020E+04
 1.298062930E+03	 1.514420020E+04
 1.298603108E+03	 1.514559961E+04
 1.299143229E+03	 1.506540039E+04
 1.299683295E+03	 1.507840039E+04
 1.300223305E+03	 1.507479980E+04
 1.300763259E+03	 1.512859961E+04
 1.301303157E+03	 1.498420020E+04
 1.301842999E+03	 1.511259961E+04
 1.302382785E+03	 1.503520020E+04
 1.302922515E+03	 1.505200000E+04
 1.303462189E+03	 1.501159961E+04
 1.304001807E+03	 1.508720020E+04
 1.304541369E+03	 1.496479980E+04
 1.305080875E+03	 1.507400000E+04
 1.305620326E+03	 1.496659961E+04
 1.306159720E+03	 1.500759961E+04
 1.306699058E+03	 1.496340039E+04
 1.307238341E+03	 1.501640039E+04
 1.307777567E+03	 1.483179980E+04
 1.308316738E+03	 1.492920020E+04
 1.308855853E+03	 1.487120020E+04
 1.309394912E+03	 1.495059961E+04
 1.309933915E+03	 1.489359961E+04
 1.310472862E+03	 1.486900000E+04
 1.311011753E+03	 1.488100000E+04
 1.311550588E+03	 1.487200000E+04
 1.312089367E+03	 1.495759961E+04
 1.312628090E+03	 1.480440039E+04
 1.313166758E+03	 1.484400000E+04
 1.313705370E+03	 1.477759961E+04
 1.314243925E+03	 1.484940039E+04
 1.314782425E+03	 1.475640039E+04
 1.315320869E+03	 1.479259961E+04
 1.315859257E+03	 1.475620020E+04
 1.316397589E+03	 1.478840039E+04
 1.316935866E+03	 1.476620020E+04
 1.317474086E+03	 1.476679980E+04
 1.318012251E+03	 1.461879980E+04
 1.318550360E+03	 1.472740039E+04
 1.319088413E+03	 1.467259961E+04
 1.319626410E+03	 1.473640039E+04
 1.320164351E+03	 1.463920020E+04
 1.320702236E+03	 1.470579980E+04
 1.321240066E+03	 1.464120020E+04
 1.321777839E+03	 1.460479980E+04
 1.322315557E+03	 1.467879980E+04
 1.322853219E+03	 1.466720020E+04
 1.323390826E+03	 1.463600000E+04
 1.323928376E+03	 1.461459961E+04
 1.324465871E+03	 1.459820020E+04
 1.325003309E+03	 1.452540039E+04
 1.325540692E+03	 1.457700000E+04
 1.326078020E+03	 1.452220020E+04
 1.326615291E+03	 1.458120020E+04
 1.327152506E+03	 1.450779980E+04
 1.327689666E+03	 1.461900000E+04
 1.328226770E+03	 1.447120020E+04
 1.328763818E+03	 1.460179980E+04
 1.329300811E+03	 1.451400000E+04
 1.329837747E+03	 1.452120020E+04
 1.330374628E+03	 1.445779980E+04
 1.330911453E+03	 1.449879980E+04
 1.331448222E+03	 1.443920020E+04
 1.331984936E+03	 1.447200000E+04
 1.332521594E+03	 1.444359961E+04
 1.333058196E+03	 1.447459961E+04
 1.333594742E+03	 1.447700000E+04
 1.334131232E+03	 1.442520020E+04
 1.334667667E+03	 1.438900000E+04
 1.335204046E+03	 1.437279980E+04
 1.335740369E+03	 1.442759961E+04
 1.336276637E+03	 1.433320020E+04
 1.336812848E+03	 1.440420020E+04
 1.337349004E+03	 1.440359961E+04
 1.337885105E+03	 1.448340039E+04
 1.338421149E+03	 1.434740039E+04
 1.338957138E+03	 1.444620020E+04
 1.339493071E+03	 1.430440039E+04
 1.340028949E+03	 1.431500000E+04
 1.340564770E+03	 1.426520020E+04
 1.341100536E+03	 1.431700000E+04
 1.341636246E+03	 1.428279980E+04
 1.342171901E+03	 1.428640039E+04
 1.342707500E+03	 1.429840039E+04
 1.343243043E+03	 1.428940039E+04
 1.343778530E+03	 1.420720020E+04
 1.344313962E+03	 1.423840039E+04
 1.344849338E+03	 1.423700000E+04
 1.345384659E+03	 1.421059961E+04
 1.345919923E+03	 1.421279980E+04
 1.346455133E+03	 1.415640039E+04
 1.346990286E+03	 1.423520020E+04
 1.347525384E+03	 1.414559961E+04
 1.348060426E+03	 1.421720020E+04
 1.348595412E+03	 1.409900000E+04
 1.349130343E+03	 1.422579980E+04
 1.349665218E+03	 1.413559961E+04
 1.350200037E+03	 1.420479980E+04
 1.350734801E+03	 1.410759961E+04
 1.351269509E+03	 1.411140039E+04
 1.351804162E+03	 1.407479980E+04
 1.352338758E+03	 1.412259961E+04
 1.352873300E+03	 1.411359961E+04
 1.353407785E+03	 1.410140039E+04
 1.353942215E+03	 1.408220020E+04
 1.354476589E+03	 1.403940039E+04
 1.355010908E+03	 1.409000000E+04
 1.355545171E+03	 1.400359961E+04
 1.356079379E+03	 1.402240039E+04
 1.356613530E+03	 1.397100000E+04
 1.357147627E+03	 1.402820020E+04
 1.357681667E+03	 1.391940039E+04
 1.358215652E+03	 1.398279980E+04
 1.358749582E+03	 1.396059961E+04
 1.359283456E+03	 1.400859961E+04
 1.359817274E+03	 1.389240039E+04
 1.360351037E+03	 1.398640039E+04
 1.360884744E+03	 1.389740039E+04
 1.361418395E+03	 1.391959961E+04
 1.361951991E+03	 1.392459961E+04
 1.362485531E+03	 1.401720020E+04
 1.363019016E+03	 1.384300000E+04
 1.363552445E+03	 1.391240039E+04
 1.364085819E+03	 1.392179980E+04
 1.364619137E+03	 1.387159961E+04
 1.365152400E+03	 1.390700000E+04
 1.365685607E+03	 1.386820020E+04
 1.366218758E+03	 1.387000000E+04
 1.366751854E+03	 1.375159961E+04
 1.367284894E+03	 1.385640039E+04
 1.367817879E+03	 1.378220020E+04
 1.368350808E+03	 1.383200000E+04
 1.368883682E+03	 1.378179980E+04
 1.369416500E+03	 1.378779980E+04
 1.369949263E+03	 1.375240039E+04
 1.370481970E+03	 1.388759961E+04
 1.371014622E+03	 1.366879980E+04
 1.371547218E+03	 1.375259961E+04
 1.372079758E+03	 1.367859961E+04
 1.372612244E+03	 1.376000000E+04
 1.373144673E+03	 1.371700000E+04
 1.373677047E+03	 1.374859961E+04
 1.374209366E+03	 1.367240039E+04
 1.374741629E+03	 1.365520020E+04
 1.375273836E+03	 1.369800000E+04
 1.375805989E+03	 1.368059961E+04
 1.376338085E+03	 1.371540039E+04
 1.376870126E+03	 1.361620020E+04
 1.377402112E+03	 1.378800000E+04
 1.377934042E+03	 1.360120020E+04
 1.378465917E+03	 1.372359961E+04
 1.378997736E+03	 1.356459961E+04
 1.379529500E+03	 1.367020020E+04
 1.380061208E+03	 1.354500000E+04
 1.380592861E+03	 1.365940039E+04
 1.381124459E+03	 1.358200000E+04
 1.381656000E+03	 1.367500000E+04
 1.382187487E+03	 1.355700000E+04
 1.382718918E+03	 1.360140039E+04
 1.383250294E+03	 1.357179980E+04
 1.383781614E+03	 1.361520020E+04
 1.384312879E+03	 1.359420020E+04
 1.384844088E+03	 1.356000000E+04
 1.385375242E+03	 1.359659961E+04
 1.385906340E+03	 1.352279980E+04
 1.386437383E+03	 1.365679980E+04
 1.386968371E+03	 1.353120020E+04
 1.387499303E+03	 1.357940039E+04
 1.388030180E+03	 1.362200000E+04
 1.388561001E+03	 1.453140039E+04
 1.389091767E+03	 1.499359961E+04
 1.389622478E+03	 1.393979980E+04
 1.390153133E+03	 1.348479980E+04
 1.390683733E+03	 1.357859961E+04
 1.391214277E+03	 1.341940039E+04
 1.391744766E+03	 1.345579980E+04
 1.392275200E+03	 1.340600000E+04
 1.392805578E+03	 1.348559961E+04
 1.393335901E+03	 1.342200000E+04
 1.393866168E+03	 1.345440039E+04
 1.394396381E+03	 1.348940039E+04
 1.394926537E+03	 1.334579980E+04
 1.395456639E+03	 1.348000000E+04
 1.395986685E+03	 1.335520020E+04
 1.396516675E+03	 1.337959961E+04
 1.397046611E+03	 1.329759961E+04
 1.397576491E+03	 1.344320020E+04
 1.398106315E+03	 1.328779980E+04
 1.398636084E+03	 1.344100000E+04
 1.399165798E+03	 1.331400000E+04
 1.399695457E+03	 1.341559961E+04
 1.400225060E+03	 1.332779980E+04
 1.400754608E+03	 1.333000000E+04
 1.401284101E+03	 1.333240039E+04
 1.401813538E+03	 1.330559961E+04
 1.402342920E+03	 1.330420020E+04
 1.402872247E+03	 1.329020020E+04
 1.403401518E+03	 1.333100000E+04
 1.403930734E+03	 1.320159961E+04
 1.404459895E+03	 1.335920020E+04
 1.404989000E+03	 1.331100000E+04
 1.405518050E+03	 1.330979980E+04
 1.406047045E+03	 1.324040039E+04
 1.406575984E+03	 1.333040039E+04
 1.407104869E+03	 1.324859961E+04
 1.407633697E+03	 1.328600000E+04
 1.408162471E+03	 1.326659961E+04
 1.408691189E+03	 1.325079980E+04
 1.409219852E+03	 1.322900000E+04
 1.409748460E+03	 1.329779980E+04
 1.410277013E+03	 1.337600000E+04
 1.410805510E+03	 1.329820020E+04
 1.411333952E+03	 1.322820020E+04
 1.411862339E+03	 1.319659961E+04
 1.412390670E+03	 1.320759961E+04
 1.412918946E+03	 1.308200000E+04
 1.413447167E+03	 1.327179980E+04
 1.413975333E+03	 1.311959961E+04
 1.414503444E+03	 1.321500000E+04
 1.415031499E+03	 1.316440039E+04
 1.415559499E+03	 1.311779980E+04
 1.416087444E+03	 1.317520020E+04
 1.416615333E+03	 1.312540039E+04
 1.417143167E+03	 1.311700000E+04
 1.417670947E+03	 1.309259961E+04
 1.418198670E+03	 1.307040039E+04
 1.418726339E+03	 1.309340039E+04
 1.419253952E+03	 1.319340039E+04
 1.419781511E+03	 1.312079980E+04
 1.420309014E+03	 1.315759961E+04
 1.420836461E+03	 1.323740039E+04
 1.421363854E+03	 1.323079980E+04
 1.421891191E+03	 1.305679980E+04
 1.422418474E+03	 1.306959961E+04
 1.422945701E+03	 1.304379980E+04
 1.423472872E+03	 1.306500000E+04
 1.423999989E+03	 1.307359961E+04
 1.424527050E+03	 1.312179980E+04
 1.425054057E+03	 1.305079980E+04
 1.425581008E+03	 1.307579980E+04
 1.426107904E+03	 1.309920020E+04
 1.426634745E+03	 1.305979980E+04
 1.427161530E+03	 1.307700000E+04
 1.427688261E+03	 1.300500000E+04
 1.428214936E+03	 1.304220020E+04
 1.428741556E+03	 1.293859961E+04
 1.429268121E+03	 1.305720020E+04
 1.429794631E+03	 1.299320020E+04
 1.430321085E+03	 1.300879980E+04
 1.430847485E+03	 1.298740039E+04
 1.431373829E+03	 1.298459961E+04
 1.431900118E+03	 1.294240039E+04
 1.432426353E+03	 1.292059961E+04
 1.432952532E+03	 1.294920020E+04
 1.433478655E+03	 1.292059961E+04
 1.434004724E+03	 1.281920020E+04
 1.434530738E+03	 1.286940039E+04
 1.435056696E+03	 1.290179980E+04
 1.435582600E+03	 1.283479980E+04
 1.436108448E+03	 1.285600000E+04
 1.436634241E+03	 1.286240039E+04
 1.437159979E+03	 1.289659961E+04
 1.437685662E+03	 1.283740039E+04
 1.438211290E+03	 1.286000000E+04
 1.438736863E+03	 1.278220020E+04
 1.439262381E+03	 1.281359961E+04
 1.439787843E+03	 1.279279980E+04
 1.440313251E+03	 1.284179980E+04
 1.440838603E+03	 1.274520020E+04
 1.441363900E+03	 1.275420020E+04
 1.441889143E+03	 1.272300000E+04
 1.442414330E+03	 1.278240039E+04
 1.442939462E+03	 1.278879980E+04
 1.443464539E+03	 1.272320020E+04
 1.443989561E+03	 1.275959961E+04
 1.444514528E+03	 1.277440039E+04
 1.445039440E+03	 1.269559961E+04
 1.445564297E+03	 1.267700000E+04
 1.446089099E+03	 1.268240039E+04
 1.446613846E+03	 1.271900000E+04
 1.447138537E+03	 1.263600000E+04
 1.447663174E+03	 1.264200000E+04
 1.448187756E+03	 1.272900000E+04
 1.448712282E+03	 1.266340039E+04
 1.449236754E+03	 1.273720020E+04
 1.449761171E+03	 1.264879980E+04
 1.450285532E+03	 1.269159961E+04
 1.450809839E+03	 1.261400000E+04
 1.451334090E+03	 1.257059961E+04
 1.451858287E+03	 1.257400000E+04
 1.452382428E+03	 1.261520020E+04
 1.452906515E+03	 1.260600000E+04
 1.453430546E+03	 1.262420020E+04
 1.453954523E+03	 1.262740039E+04
 1.454478444E+03	 1.257620020E+04
 1.455002311E+03	 1.260100000E+04
 1.455526123E+03	 1.257459961E+04
 1.456049879E+03	 1.253940039E+04
 1.456573581E+03	 1.253820020E+04
 1.457097227E+03	 1.252940039E+04
 1.457620819E+03	 1.244720020E+04
 1.458144356E+03	 1.257659961E+04
 1.458667837E+03	 1.244720020E+04
 1.459191264E+03	 1.248920020E+04
 1.459714636E+03	 1.248440039E+04
 1.460237952E+03	 1.247300000E+04
 1.460761214E+03	 1.244779980E+04
 1.461284421E+03	 1.245259961E+04
 1.461807573E+03	 1.245459961E+04
 1.462330670E+03	 1.246459961E+04
 1.462853712E+03	 1.243079980E+04
 1.463376699E+03	 1.236959961E+04
 1.463899632E+03	 1.246159961E+04
 1.464422509E+03	 1.235300000E+04
 1.464945331E+03	 1.244879980E+04
 1.465468099E+03	 1.241859961E+04
 1.465990811E+03	 1.242020020E+04
 1.466513469E+03	 1.241220020E+04
 1.467036071E+03	 1.241120020E+04
 1.467558619E+03	 1.235679980E+04
 1.468081112E+03	 1.237540039E+04
 1.468603550E+03	 1.239220020E+04
 1.469125933E+03	 1.237179980E+04
 1.469648261E+03	 1.234040039E+04
 1.470170534E+03	 1.232159961E+04
 1.470692752E+03	 1.236340039E+04
 1.471214916E+03	 1.232440039E+04
 1.471737024E+03	 1.238479980E+04
 1.472259078E+03	 1.230320020E+04
 1.472781077E+03	 1.232940039E+04
 1.473303021E+03	 1.227000000E+04
 1.473824910E+03	 1.229679980E+04
 1.474346744E+03	 1.233620020E+04
 1.474868523E+03	 1.232159961E+04
 1.475390248E+03	 1.221940039E+04
 1.475911917E+03	 1.226440039E+04
 1.476433532E+03	 1.226620020E+04
 1.476955092E+03	 1.216179980E+04
 1.477476597E+03	 1.226559961E+04
 1.477998047E+03	 1.219800000E+04
 1.478519442E+03	 1.213520020E+04
 1.479040783E+03	 1.215700000E+04
 1.479562068E+03	 1.219440039E+04
 1.480083299E+03	 1.211140039E+04
 1.480604475E+03	 1.214379980E+04
 1.481125596E+03	 1.212140039E+04
 1.481646663E+03	 1.211800000E+04
 1.482167674E+03	 1.208259961E+04
 1.482688631E+03	 1.204679980E+04
 1.483209533E+03	 1.208120020E+04
 1.483730380E+03	 1.202840039E+04
 1.484251172E+03	 1.204700000E+04
 1.484771909E+03	 1.201159961E+04
 1.485292592E+03	 1.203820020E+04
 1.485813220E+03	 1.203720020E+04
 1.486333793E+03	 1.200500000E+04
 1.486854311E+03	 1.198559961E+04
 1.487374775E+03	 1.194340039E+04
 1.487895183E+03	 1.195759961E+04
 1.488415537E+03	 1.194979980E+04
 1.488935836E+03	 1.202100000E+04
 1.489456081E+03	 1.194240039E+04
 1.489976270E+03	 1.195940039E+04
 1.490496405E+03	 1.193940039E+04
 1.491016485E+03	 1.195920020E+04
 1.491536511E+03	 1.192079980E+04
 1.492056481E+03	 1.199559961E+04
 1.492576397E+03	 1.193820020E+04
 1.493096258E+03	 1.188579980E+04
 1.493616064E+03	 1.191379980E+04
 1.494135816E+03	 1.192700000E+04
 1.494655513E+03	 1.193259961E+04
 1.495175155E+03	 1.181640039E+04
 1.495694742E+03	 1.188859961E+04
 1.496214274E+03	 1.182520020E+04
 1.496733752E+03	 1.182700000E+04
 1.497253175E+03	 1.185600000E+04
 1.497772544E+03	 1.178959961E+04
 1.498291858E+03	 1.187159961E+04
 1.498811116E+03	 1.182079980E+04
 1.499330321E+03	 1.181479980E+04
 1.499849470E+03	 1.175540039E+04
 1.500368565E+03	 1.178000000E+04
 1.500887605E+03	 1.178859961E+04
 1.501406591E+03	 1.179759961E+04
 1.501925521E+03	 1.174879980E+04
 1.502444397E+03	 1.175220020E+04
 1.502963219E+03	 1.179979980E+04
 1.503481985E+03	 1.179559961E+04
 1.504000697E+03	 1.176120020E+04
 1.504519355E+03	 1.178300000E+04
 1.505037957E+03	 1.177679980E+04
 1.505556505E+03	 1.174020020E+04
 1.506074999E+03	 1.169640039E+04
 1.506593437E+03	 1.167579980E+04
 1.507111821E+03	 1.160779980E+04
 1.507630150E+03	 1.170579980E+04
 1.508148425E+03	 1.164779980E+04
 1.508666645E+03	 1.166620020E+04
 1.509184810E+03	 1.161340039E+04
 1.509702921E+03	 1.165959961E+04
 1.510220977E+03	 1.159900000E+04
 1.510738979E+03	 1.165379980E+04
 1.511256925E+03	 1.163420020E+04
 1.511774817E+03	 1.166259961E+04
 1.512292655E+03	 1.161140039E+04
 1.512810438E+03	 1.160920020E+04
 1.513328166E+03	 1.159820020E+04
 1.513845840E+03	 1.158240039E+04
 1.514363459E+03	 1.161220020E+04
 1.514881023E+03	 1.158820020E+04
 1.515398533E+03	 1.160100000E+04
 1.515915988E+03	 1.156000000E+04
 1.516433389E+03	 1.156800000E+04
 1.516950734E+03	 1.150840039E+04
 1.517468026E+03	 1.162979980E+04
 1.517985263E+03	 1.156720020E+04
 1.518502445E+03	 1.158140039E+04
 1.519019572E+03	 1.155320020E+04
 1.519536645E+03	 1.155840039E+04
 1.520053664E+03	 1.156020020E+04
 1.520570628E+03	 1.145520020E+04
 1.521087537E+03	 1.151579980E+04
 1.521604392E+03	 1.147379980E+04
 1.522121192E+03	 1.153000000E+04
 1.522637937E+03	 1.146040039E+04
 1.523154628E+03	 1.146200000E+04
 1.523671265E+03	 1.154500000E+04
 1.524187847E+03	 1.145620020E+04
 1.524704374E+03	 1.149040039E+04
 1.525220847E+03	 1.143300000E+04
 1.525737265E+03	 1.148240039E+04
 1.526253629E+03	 1.142479980E+04
 1.526769938E+03	 1.151900000E+04
 1.527286192E+03	 1.144179980E+04
 1.527802392E+03	 1.149540039E+04
 1.528318538E+03	 1.139979980E+04
 1.528834629E+03	 1.147779980E+04
 1.529350666E+03	 1.143720020E+04
 1.529866648E+03	 1.140600000E+04
 1.530382575E+03	 1.144240039E+04
 1.530898448E+03	 1.136259961E+04
 1.531414266E+03	 1.145600000E+04
 1.531930030E+03	 1.139300000E+04
 1.532445740E+03	 1.143659961E+04
 1.532961395E+03	 1.136379980E+04
 1.533476995E+03	 1.135900000E+04
 1.533992541E+03	 1.139720020E+04
 1.534508033E+03	 1.143100000E+04
 1.535023470E+03	 1.135779980E+04
 1.535538852E+03	 1.134920020E+04
 1.536054180E+03	 1.131120020E+04
 1.536569454E+03	 1.136320020E+04
 1.537084673E+03	 1.134840039E+04
 1.537599837E+03	 1.129859961E+04
 1.538114947E+03	 1.137320020E+04
 1.538630003E+03	 1.126640039E+04
 1.539145004E+03	 1.137440039E+04
 1.539659951E+03	 1.129259961E+04
 1.540174843E+03	 1.131020020E+04
 1.540689681E+03	 1.126359961E+04
 1.541204465E+03	 1.130020020E+04
 1.541719194E+03	 1.129240039E+04
 1.542233868E+03	 1.133620020E+04
 1.542748488E+03	 1.128340039E+04
 1.543263054E+03	 1.124320020E+04
 1.543777565E+03	 1.130000000E+04
 1.544292022E+03	 1.121659961E+04
 1.544806424E+03	 1.133959961E+04
 1.545320772E+03	 1.118359961E+04
 1.545835066E+03	 1.131120020E+04
 1.546349305E+03	 1.123740039E+04
 1.546863489E+03	 1.133540039E+04
 1.547377620E+03	 1.125979980E+04
 1.547891696E+03	 1.128800000E+04
 1.548405717E+03	 1.125459961E+04
 1.548919684E+03	 1.117200000E+04
 1.549433597E+03	 1.123820020E+04
 1.549947455E+03	 1.115200000E+04
 1.550461259E+03	 1.126820020E+04
 1.550975009E+03	 1.113479980E+04
 1.551488704E+03	 1.122879980E+04
 1.552002345E+03	 1.119779980E+04
 1.552515931E+03	 1.124559961E+04
 1.553029463E+03	 1.121200000E+04
 1.553542941E+03	 1.121200000E+04
 1.554056364E+03	 1.119820020E+04
 1.554569733E+03	 1.116140039E+04
 1.555083048E+03	 1.116800000E+04
 1.555596308E+03	 1.107079980E+04
 1.556109514E+03	 1.115840039E+04
 1.556622665E+03	 1.108159961E+04
 1.557135762E+03	 1.117420020E+04
 1.557648805E+03	 1.111079980E+04
 1.558161794E+03	 1.120240039E+04
 1.558674728E+03	 1.115900000E+04
 1.559187608E+03	 1.112700000E+04
 1.559700433E+03	 1.111400000E+04
 1.560213205E+03	 1.105340039E+04
 1.560725921E+03	 1.113120020E+04
 1.561238584E+03	 1.107820020E+04
 1.561751192E+03	 1.119300000E+04
 1.562263746E+03	 1.106340039E+04
 1.562776246E+03	 1.113159961E+04
 1.563288691E+03	 1.109659961E+04
 1.563801082E+03	 1.105959961E+04
 1.564313419E+03	 1.112500000E+04
 1.564825701E+03	 1.109559961E+04
 1.565337929E+03	 1.110200000E+04
 1.565850103E+03	 1.101040039E+04
 1.566362223E+03	 1.113659961E+04
 1.566874288E+03	 1.102320020E+04
 1.567386299E+03	 1.110140039E+04
 1.567898256E+03	 1.100079980E+04
 1.568410158E+03	 1.106640039E+04
 1.568922007E+03	 1.097340039E+04
 1.569433800E+03	 1.104020020E+04
 1.569945540E+03	 1.103440039E+04
 1.570457226E+03	 1.097540039E+04
 1.570968857E+03	 1.105979980E+04
 1.571480434E+03	 1.103859961E+04
 1.571991956E+03	 1.112659961E+04
 1.572503425E+03	 1.094420020E+04
 1.573014839E+03	 1.105620020E+04
 1.573526199E+03	 1.097920020E+04
 1.574037505E+03	 1.099779980E+04
 1.574548756E+03	 1.095420020E+04
 1.575059953E+03	 1.097720020E+04
 1.575571096E+03	 1.097700000E+04
 1.576082185E+03	 1.092720020E+04
 1.576593220E+03	 1.095759961E+04
 1.577104200E+03	 1.087300000E+04
 1.577615126E+03	 1.102040039E+04
 1.578125998E+03	 1.088100000E+04
 1.578636816E+03	 1.096340039E+04
 1.579147580E+03	 1.088479980E+04
 1.579658289E+03	 1.096700000E+04
 1.580168944E+03	 1.091020020E+04
 1.580679545E+03	 1.087300000E+04
 1.581190092E+03	 1.086179980E+04
 1.581700585E+03	 1.081459961E+04
 1.582211023E+03	 1.086559961E+04
 1.582721407E+03	 1.082240039E+04
 1.583231737E+03	 1.089659961E+04
 1.583742013E+03	 1.075659961E+04
 1.584252235E+03	 1.085800000E+04
 1.584762403E+03	 1.085220020E+04
 1.585272516E+03	 1.087120020E+04
 1.585782575E+03	 1.079779980E+04
 1.586292581E+03	 1.083440039E+04
 1.586802532E+03	 1.083879980E+04
 1.587312428E+03	 1.079400000E+04
 1.587822271E+03	 1.085920020E+04
 1.588332060E+03	 1.075320020E+04
 1.588841794E+03	 1.085100000E+04
 1.589351474E+03	 1.076779980E+04
 1.589861100E+03	 1.077079980E+04
 1.590370672E+03	 1.076140039E+04
 1.590880190E+03	 1.077579980E+04
 1.591389654E+03	 1.087100000E+04
 1.591899064E+03	 1.080000000E+04
 1.592408419E+03	 1.076600000E+04
