 1.042452273E+03	 1.427179980E+04
 1.043018714E+03	 1.414879980E+04
 1.043585098E+03	 1.419659961E+04
 1.044151424E+03	 1.412040039E+04
 1.044717692E+03	 1.414140039E+04
 1.045283903E+03	 1.407179980E+04
 1.045850056E+03	 1.417300000E+04
 1.046416151E+03	 1.400379980E+04
 1.046982188E+03	 1.417879980E+04
 1.047548167E+03	 1.402700000E+04
 1.048114089E+03	 1.415979980E+04
 1.048679953E+03	 1.403359961E+04
 1.049245760E+03	 1.414820020E+04
 1.049811509E+03	 1.404179980E+04
 1.050377200E+03	 1.414579980E+04
 1.050942833E+03	 1.399940039E+04
 1.051508408E+03	 1.406140039E+04
 1.052073926E+03	 1.397600000E+04
 1.052639387E+03	 1.408000000E+04
 1.053204789E+03	 1.398240039E+04
 1.053770134E+03	 1.406840039E+04
 1.054335421E+03	 1.392679980E+04
 1.054900651E+03	 1.405820020E+04
 1.055465823E+03	 1.391140039E+04
 1.056030937E+03	 1.409100000E+04
 1.056595993E+03	 1.397220020E+04
 1.057160992E+03	 1.397759961E+04
 1.057725934E+03	 1.392140039E+04
 1.058290817E+03	 1.392579980E+04
 1.058855643E+03	 1.390800000E+04
 1.059420411E+03	 1.400500000E+04
 1.059985122E+03	 1.388559961E+04
 1.060549775E+03	 1.395100000E+04
 1.061114371E+03	 1.388879980E+04
 1.061678908E+03	 1.393520020E+04
 1.062243389E+03	 1.383620020E+04
 1.062807811E+03	 1.387440039E+04
 1.063372176E+03	 1.380140039E+04
 1.063936483E+03	 1.385779980E+04
 1.064500733E+03	 1.380720020E+04
 1.065064925E+03	 1.388540039E+04
 1.065629060E+03	 1.382559961E+04
 1.066193137E+03	 1.392420020E+04
 1.066757156E+03	 1.388400000E+04
 1.067321118E+03	 1.377540039E+04
 1.067885022E+03	 1.378859961E+04
 1.068448869E+03	 1.382459961E+04
 1.069012658E+03	 1.383300000E+04
 1.069576390E+03	 1.380120020E+04
 1.070140063E+03	 1.379320020E+04
 1.070703680E+03	 1.382900000E+04
 1.071267239E+03	 1.366379980E+04
 1.071830740E+03	 1.376720020E+04
 1.072394184E+03	 1.372920020E+04
 1.072957570E+03	 1.376400000E+04
 1.073520899E+03	 1.375079980E+04
 1.074084170E+03	 1.377300000E+04
 1.074647383E+03	 1.374400000E+04
 1.075210540E+03	 1.373820020E+04
 1.075773638E+03	 1.368059961E+04
 1.076336679E+03	 1.370020020E+04
 1.076899663E+03	 1.360740039E+04
 1.077462589E+03	 1.356679980E+04
 1.078025457E+03	 1.365500000E+04
 1.078588268E+03	 1.360840039E+04
 1.079151022E+03	 1.361959961E+04
 1.079713718E+03	 1.363420020E+04
 1.080276356E+03	 1.360020020E+04
 1.080838937E+03	 1.359079980E+04
 1.081401461E+03	 1.359840039E+04
 1.081963927E+03	 1.356500000E+04
 1.082526336E+03	 1.356940039E+04
 1.083088687E+03	 1.352920020E+04
 1.083650981E+03	 1.352259961E+04
 1.084213217E+03	 1.349979980E+04
 1.084775396E+03	 1.353020020E+04
 1.085337517E+03	 1.349079980E+04
 1.085899581E+03	 1.347640039E+04
 1.086461587E+03	 1.343920020E+04
 1.087023536E+03	 1.358500000E+04
 1.087585428E+03	 1.346379980E+04
 1.088147262E+03	 1.344040039E+04
 1.088709039E+03	 1.342100000E+04
 1.089270758E+03	 1.339920020E+04
 1.089832420E+03	 1.337620020E+04
 1.090394024E+03	 1.339700000E+04
 1.090955571E+03	 1.328000000E+04
 1.091517061E+03	 1.332379980E+04
 1.092078493E+03	 1.333040039E+04
 1.092639868E+03	 1.336259961E+04
 1.093201185E+03	 1.333800000E+04
 1.093762445E+03	 1.336640039E+04
 1.094323648E+03	 1.330079980E+04
 1.094884793E+03	 1.334100000E+04
 1.095445881E+03	 1.328020020E+04
 1.096006911E+03	 1.326640039E+04
 1.096567884E+03	 1.323559961E+04
 1.097128800E+03	 1.324859961E+04
 1.097689659E+03	 1.320800000E+04
 1.098250460E+03	 1.330440039E+04
 1.098811203E+03	 1.326000000E+04
 1.099371890E+03	 1.328759961E+04
 1.099932518E+03	 1.317500000E+04
 1.100493090E+03	 1.322979980E+04
 1.101053604E+03	 1.308679980E+04
 1.101614061E+03	 1.311679980E+04
 1.102174461E+03	 1.309720020E+04
 1.102734803E+03	 1.310459961E+04
 1.103295088E+03	 1.311179980E+04
 1.103855316E+03	 1.303700000E+04
 1.104415486E+03	 1.304820020E+04
 1.104975599E+03	 1.293459961E+04
 1.105535655E+03	 1.304159961E+04
 1.106095653E+03	 1.295220020E+04
 1.106655594E+03	 1.296079980E+04
 1.107215478E+03	 1.304020020E+04
 1.107775305E+03	 1.292240039E+04
 1.108335074E+03	 1.295120020E+04
 1.108894786E+03	 1.297559961E+04
 1.109454440E+03	 1.287820020E+04
 1.110014038E+03	 1.294359961E+04
 1.110573578E+03	 1.291720020E+04
 1.111133061E+03	 1.293959961E+04
 1.111692486E+03	 1.288840039E+04
 1.112251854E+03	 1.288659961E+04
 1.112811165E+03	 1.285340039E+04
 1.113370419E+03	 1.290640039E+04
 1.113929616E+03	 1.283820020E+04
 1.114488755E+03	 1.285620020E+04
 1.115047837E+03	 1.279320020E+04
 1.115606862E+03	 1.285540039E+04
 1.116165830E+03	 1.277259961E+04
 1.116724740E+03	 1.280479980E+04
 1.117283593E+03	 1.282040039E+04
 1.117842389E+03	 1.279140039E+04
 1.118401128E+03	 1.276220020E+04
 1.118959809E+03	 1.280859961E+04
 1.119518433E+03	 1.278440039E+04
 1.120077000E+03	 1.274800000E+04
 1.120635510E+03	 1.271559961E+04
 1.121193963E+03	 1.290140039E+04
 1.121752358E+03	 1.277579980E+04
 1.122310697E+03	 1.275220020E+04
 1.122868978E+03	 1.261620020E+04
 1.123427202E+03	 1.275659961E+04
 1.123985368E+03	 1.268040039E+04
 1.124543478E+03	 1.270779980E+04
 1.125101530E+03	 1.265220020E+04
 1.125659526E+03	 1.270340039E+04
 1.126217464E+03	 1.262700000E+04
 1.126775345E+03	 1.269120020E+04
 1.127333168E+03	 1.261100000E+04
 1.127890935E+03	 1.270859961E+04
 1.128448644E+03	 1.263220020E+04
 1.129006297E+03	 1.262500000E+04
 1.129563892E+03	 1.252179980E+04
 1.130121430E+03	 1.264600000E+04
 1.130678911E+03	 1.254840039E+04
 1.131236335E+03	 1.261740039E+04
 1.131793701E+03	 1.256240039E+04
 1.132351011E+03	 1.263440039E+04
 1.132908263E+03	 1.252179980E+04
 1.133465458E+03	 1.260540039E+04
 1.134022597E+03	 1.248679980E+04
 1.134579678E+03	 1.262579980E+04
 1.135136702E+03	 1.249840039E+04
 1.135693669E+03	 1.264359961E+04
 1.136250578E+03	 1.244479980E+04
 1.136807431E+03	 1.256359961E+04
 1.137364227E+03	 1.248120020E+04
 1.137920965E+03	 1.263859961E+04
 1.138477647E+03	 1.247700000E+04
 1.139034271E+03	 1.256800000E+04
 1.139590839E+03	 1.241220020E+04
 1.140147349E+03	 1.251179980E+04
 1.140703802E+03	 1.245059961E+04
 1.141260198E+03	 1.256059961E+04
 1.141816537E+03	 1.247959961E+04
 1.142372820E+03	 1.251200000E+04
 1.142929045E+03	 1.245200000E+04
 1.143485213E+03	 1.252300000E+04
 1.144041323E+03	 1.244420020E+04
 1.144597377E+03	 1.248640039E+04
 1.145153374E+03	 1.242220020E+04
 1.145709314E+03	 1.249440039E+04
 1.146265197E+03	 1.238620020E+04
 1.146821023E+03	 1.249000000E+04
 1.147376792E+03	 1.242700000E+04
 1.147932503E+03	 1.244640039E+04
 1.148488158E+03	 1.243379980E+04
 1.149043756E+03	 1.244600000E+04
 1.149599297E+03	 1.245579980E+04
 1.150154781E+03	 1.247459961E+04
 1.150710207E+03	 1.247240039E+04
 1.151265577E+03	 1.247779980E+04
 1.151820890E+03	 1.237640039E+04
 1.152376146E+03	 1.247879980E+04
 1.152931345E+03	 1.242340039E+04
 1.153486487E+03	 1.241640039E+04
 1.154041572E+03	 1.237840039E+04
 1.154596600E+03	 1.237420020E+04
 1.155151571E+03	 1.234400000E+04
 1.155706485E+03	 1.246640039E+04
 1.156261342E+03	 1.228759961E+04
 1.156816142E+03	 1.240059961E+04
 1.157370885E+03	 1.239479980E+04
 1.157925572E+03	 1.244900000E+04
 1.158480201E+03	 1.234659961E+04
 1.159034774E+03	 1.236640039E+04
 1.159589289E+03	 1.230340039E+04
 1.160143748E+03	 1.236659961E+04
 1.160698149E+03	 1.229400000E+04
 1.161252494E+03	 1.233079980E+04
 1.161806782E+03	 1.229659961E+04
 1.162361013E+03	 1.229620020E+04
 1.162915187E+03	 1.231320020E+04
 1.163469304E+03	 1.228259961E+04
 1.164023364E+03	 1.225540039E+04
 1.164577368E+03	 1.227779980E+04
 1.165131314E+03	 1.231379980E+04
 1.165685204E+03	 1.226279980E+04
 1.166239036E+03	 1.225459961E+04
 1.166792812E+03	 1.222559961E+04
 1.167346531E+03	 1.229459961E+04
 1.167900193E+03	 1.224520020E+04
 1.168453798E+03	 1.223059961E+04
 1.169007347E+03	 1.221540039E+04
 1.169560838E+03	 1.220459961E+04
 1.170114273E+03	 1.227000000E+04
 1.170667650E+03	 1.224440039E+04
 1.171220971E+03	 1.219640039E+04
 1.171774235E+03	 1.218920020E+04
 1.172327443E+03	 1.219879980E+04
 1.172880593E+03	 1.216320020E+04
 1.173433687E+03	 1.217740039E+04
 1.173986723E+03	 1.220540039E+04
 1.174539703E+03	 1.214200000E+04
 1.175092626E+03	 1.220340039E+04
 1.175645493E+03	 1.212120020E+04
 1.176198302E+03	 1.214900000E+04
 1.176751055E+03	 1.213300000E+04
 1.177303751E+03	 1.220740039E+04
 1.177856390E+03	 1.213959961E+04
 1.178408972E+03	 1.214579980E+04
 1.178961498E+03	 1.214559961E+04
 1.179513966E+03	 1.208459961E+04
 1.180066378E+03	 1.207179980E+04
 1.180618733E+03	 1.207559961E+04
 1.181171032E+03	 1.207240039E+04
 1.181723273E+03	 1.205120020E+04
 1.182275458E+03	 1.207579980E+04
 1.182827586E+03	 1.207679980E+04
 1.183379657E+03	 1.203920020E+04
 1.183931672E+03	 1.211059961E+04
 1.184483630E+03	 1.205179980E+04
 1.185035531E+03	 1.208000000E+04
 1.185587375E+03	 1.199679980E+04
 1.186139162E+03	 1.209600000E+04
 1.186690893E+03	 1.207240039E+04
 1.187242567E+03	 1.203720020E+04
 1.187794184E+03	 1.199759961E+04
 1.188345745E+03	 1.197820020E+04
 1.188897249E+03	 1.199140039E+04
 1.189448696E+03	 1.199979980E+04
 1.190000086E+03	 1.202159961E+04
 1.190551420E+03	 1.198859961E+04
 1.191102697E+03	 1.197279980E+04
 1.191653918E+03	 1.198320020E+04
 1.192205081E+03	 1.199759961E+04
 1.192756188E+03	 1.195259961E+04
 1.193307238E+03	 1.192920020E+04
 1.193858232E+03	 1.191300000E+04
 1.194409169E+03	 1.194059961E+04
 1.194960049E+03	 1.188379980E+04
 1.195510872E+03	 1.188259961E+04
 1.196061639E+03	 1.187379980E+04
 1.196612349E+03	 1.190559961E+04
 1.197163003E+03	 1.189600000E+04
 1.197713599E+03	 1.187800000E+04
 1.198264139E+03	 1.185779980E+04
 1.198814623E+03	 1.187840039E+04
 1.199365050E+03	 1.183679980E+04
 1.199915420E+03	 1.183579980E+04
 1.200465734E+03	 1.182200000E+04
 1.201015990E+03	 1.177479980E+04
 1.201566191E+03	 1.172979980E+04
 1.202116334E+03	 1.178279980E+04
 1.202666421E+03	 1.175600000E+04
 1.203216452E+03	 1.177359961E+04
 1.203766425E+03	 1.182120020E+04
 1.204316343E+03	 1.176540039E+04
 1.204866203E+03	 1.178100000E+04
 1.205416007E+03	 1.178679980E+04
 1.205965754E+03	 1.177059961E+04
 1.206515445E+03	 1.170220020E+04
 1.207065079E+03	 1.171440039E+04
 1.207614657E+03	 1.172500000E+04
 1.208164177E+03	 1.168900000E+04
 1.208713642E+03	 1.166879980E+04
 1.209263050E+03	 1.176059961E+04
 1.209812401E+03	 1.165240039E+04
 1.210361695E+03	 1.170620020E+04
 1.210910933E+03	 1.166459961E+04
 1.211460115E+03	 1.164140039E+04
 1.212009240E+03	 1.165859961E+04
 1.212558308E+03	 1.164420020E+04
 1.213107320E+03	 1.165140039E+04
 1.213656275E+03	 1.168220020E+04
 1.214205174E+03	 1.162900000E+04
 1.214754016E+03	 1.159840039E+04
 1.215302801E+03	 1.157940039E+04
 1.215851530E+03	 1.157959961E+04
 1.216400203E+03	 1.158500000E+04
 1.216948819E+03	 1.152640039E+04
 1.217497378E+03	 1.161579980E+04
 1.218045881E+03	 1.156179980E+04
 1.218594327E+03	 1.155679980E+04
 1.219142717E+03	 1.157140039E+04
 1.219691051E+03	 1.160579980E+04
 1.220239327E+03	 1.155820020E+04
 1.220787548E+03	 1.157120020E+04
 1.221335712E+03	 1.152740039E+04
 1.221883819E+03	 1.147459961E+04
 1.222431870E+03	 1.153720020E+04
 1.222979864E+03	 1.146720020E+04
 1.223527802E+03	 1.143959961E+04
 1.224075683E+03	 1.147379980E+04
 1.224623508E+03	 1.141100000E+04
 1.225171277E+03	 1.150979980E+04
 1.225718989E+03	 1.141679980E+04
 1.226266644E+03	 1.146720020E+04
 1.226814243E+03	 1.142279980E+04
 1.227361786E+03	 1.145859961E+04
 1.227909272E+03	 1.139079980E+04
 1.228456702E+03	 1.152620020E+04
 1.229004075E+03	 1.137079980E+04
 1.229551392E+03	 1.142879980E+04
 1.230098652E+03	 1.141579980E+04
 1.230645856E+03	 1.135820020E+04
 1.231193003E+03	 1.133440039E+04
 1.231740094E+03	 1.133879980E+04
 1.232287129E+03	 1.135059961E+04
 1.232834107E+03	 1.137259961E+04
 1.233381029E+03	 1.140659961E+04
 1.233927894E+03	 1.132559961E+04
 1.234474703E+03	 1.138340039E+04
 1.235021455E+03	 1.135500000E+04
 1.235568151E+03	 1.138440039E+04
 1.236114791E+03	 1.129059961E+04
 1.236661374E+03	 1.135840039E+04
 1.237207901E+03	 1.126040039E+04
 1.237754372E+03	 1.129679980E+04
 1.238300786E+03	 1.125259961E+04
 1.238847144E+03	 1.131700000E+04
 1.239393445E+03	 1.125859961E+04
 1.239939690E+03	 1.129920020E+04
 1.240485879E+03	 1.125559961E+04
 1.241032011E+03	 1.126579980E+04
 1.241578087E+03	 1.123159961E+04
 1.242124106E+03	 1.122959961E+04
 1.242670070E+03	 1.118900000E+04
 1.243215976E+03	 1.123440039E+04
 1.243761827E+03	 1.119820020E+04
 1.244307621E+03	 1.119120020E+04
 1.244853359E+03	 1.114840039E+04
 1.245399040E+03	 1.121179980E+04
 1.245944665E+03	 1.118979980E+04
 1.246490234E+03	 1.120020020E+04
 1.247035746E+03	 1.111540039E+04
 1.247581203E+03	 1.111679980E+04
 1.248126602E+03	 1.105720020E+04
 1.248671946E+03	 1.114059961E+04
 1.249217233E+03	 1.110920020E+04
 1.249762464E+03	 1.110600000E+04
 1.250307638E+03	 1.114320020E+04
 1.250852757E+03	 1.107220020E+04
 1.251397819E+03	 1.112459961E+04
 1.251942824E+03	 1.102840039E+04
 1.252487774E+03	 1.114359961E+04
 1.253032667E+03	 1.109679980E+04
 1.253577503E+03	 1.109379980E+04
 1.254122284E+03	 1.102679980E+04
 1.254667008E+03	 1.103400000E+04
 1.255211676E+03	 1.090059961E+04
 1.255756288E+03	 1.105159961E+04
 1.256300843E+03	 1.103500000E+04
 1.256845342E+03	 1.104320020E+04
 1.257389785E+03	 1.092740039E+04
 1.257934172E+03	 1.097120020E+04
 1.258478502E+03	 1.100259961E+04
 1.259022776E+03	 1.096040039E+04
 1.259566994E+03	 1.097700000E+04
 1.260111156E+03	 1.096179980E+04
 1.260655261E+03	 1.093359961E+04
 1.261199311E+03	 1.097400000E+04
 1.261743304E+03	 1.089700000E+04
 1.262287240E+03	 1.093979980E+04
 1.262831121E+03	 1.093559961E+04
 1.263374945E+03	 1.093900000E+04
 1.263918713E+03	 1.089740039E+04
 1.264462425E+03	 1.090959961E+04
 1.265006081E+03	 1.094040039E+04
 1.265549680E+03	 1.096959961E+04
 1.266093223E+03	 1.089679980E+04
 1.266636711E+03	 1.088800000E+04
 1.267180141E+03	 1.082540039E+04
 1.267723516E+03	 1.086100000E+04
 1.268266835E+03	 1.087059961E+04
 1.268810097E+03	 1.083979980E+04
 1.269353303E+03	 1.080600000E+04
 1.269896453E+03	 1.087959961E+04
 1.270439547E+03	 1.078259961E+04
 1.270982584E+03	 1.081720020E+04
 1.271525566E+03	 1.075940039E+04
 1.272068491E+03	 1.081700000E+04
 1.272611360E+03	 1.079600000E+04
 1.273154173E+03	 1.078440039E+04
 1.273696930E+03	 1.079679980E+04
 1.274239631E+03	 1.081300000E+04
 1.274782275E+03	 1.079779980E+04
 1.275324864E+03	 1.076240039E+04
 1.275867396E+03	 1.069759961E+04
 1.276409872E+03	 1.071100000E+04
 1.276952292E+03	 1.078120020E+04
 1.277494656E+03	 1.069300000E+04
 1.278036964E+03	 1.076240039E+04
 1.278579215E+03	 1.071140039E+04
 1.279121411E+03	 1.072479980E+04
 1.279663550E+03	 1.071420020E+04
 1.280205634E+03	 1.068340039E+04
 1.280747661E+03	 1.071020020E+04
 1.281289632E+03	 1.069559961E+04
 1.281831547E+03	 1.066200000E+04
 1.282373406E+03	 1.066540039E+04
 1.282915209E+03	 1.065300000E+04
 1.283456955E+03	 1.062140039E+04
 1.283998646E+03	 1.066359961E+04
 1.284540281E+03	 1.072840039E+04
 1.285081859E+03	 1.112940039E+04
 1.285623381E+03	 1.163040039E+04
 1.286164848E+03	 1.106340039E+04
 1.286706258E+03	 1.070000000E+04
 1.287247612E+03	 1.065520020E+04
 1.287788911E+03	 1.054379980E+04
 1.288330153E+03	 1.054340039E+04
 1.288871339E+03	 1.052579980E+04
 1.289412469E+03	 1.048140039E+04
 1.289953543E+03	 1.049079980E+04
 1.290494561E+03	 1.056620020E+04
 1.291035523E+03	 1.051200000E+04
 1.291576428E+03	 1.045720020E+04
 1.292117278E+03	 1.051479980E+04
 1.292658072E+03	 1.051279980E+04
 1.293198810E+03	 1.048320020E+04
 1.293739492E+03	 1.047259961E+04
 1.294280118E+03	 1.044759961E+04
 1.294820687E+03	 1.052000000E+04
 1.295361201E+03	 1.040100000E+04
 1.295901659E+03	 1.042000000E+04
 1.296442061E+03	 1.041900000E+04
 1.296982406E+03	 1.045700000E+04
 1.297522696E+03	 1.040179980E+04
 1.298062930E+03	 1.039459961E+04
 1.298603108E+03	 1.038900000E+04
 1.299143229E+03	 1.038859961E+04
 1.299683295E+03	 1.047720020E+04
 1.300223305E+03	 1.041620020E+04
 1.300763259E+03	 1.038240039E+04
 1.301303157E+03	 1.035559961E+04
 1.301842999E+03	 1.038020020E+04
 1.302382785E+03	 1.032240039E+04
 1.302922515E+03	 1.036120020E+04
 1.303462189E+03	 1.029859961E+04
 1.304001807E+03	 1.032859961E+04
 1.304541369E+03	 1.030820020E+04
 1.305080875E+03	 1.042640039E+04
 1.305620326E+03	 1.027879980E+04
 1.306159720E+03	 1.033900000E+04
 1.306699058E+03	 1.028479980E+04
 1.307238341E+03	 1.035679980E+04
 1.307777567E+03	 1.031320020E+04
 1.308316738E+03	 1.031600000E+04
 1.308855853E+03	 1.028500000E+04
 1.309394912E+03	 1.035159961E+04
 1.309933915E+03	 1.026259961E+04
 1.310472862E+03	 1.025679980E+04
 1.311011753E+03	 1.028120020E+04
 1.311550588E+03	 1.022259961E+04
 1.312089367E+03	 1.023840039E+04
 1.312628090E+03	 1.022700000E+04
 1.313166758E+03	 1.026520020E+04
 1.313705370E+03	 1.020840039E+04
 1.314243925E+03	 1.025679980E+04
 1.314782425E+03	 1.015459961E+04
 1.315320869E+03	 1.020840039E+04
 1.315859257E+03	 1.017179980E+04
 1.316397589E+03	 1.018459961E+04
 1.316935866E+03	 1.012079980E+04
 1.317474086E+03	 1.023379980E+04
 1.318012251E+03	 1.015240039E+04
 1.318550360E+03	 1.014220020E+04
 1.319088413E+03	 1.010300000E+04
 1.319626410E+03	 1.023359961E+04
 1.320164351E+03	 1.007020020E+04
 1.320702236E+03	 1.015200000E+04
 1.321240066E+03	 1.007540039E+04
 1.321777839E+03	 1.015200000E+04
 1.322315557E+03	 1.010700000E+04
 1.322853219E+03	 1.010900000E+04
 1.323390826E+03	 1.012259961E+04
 1.323928376E+03	 1.012820020E+04
 1.324465871E+03	 1.011640039E+04
 1.325003309E+03	 1.008220020E+04
 1.325540692E+03	 1.007340039E+04
 1.326078020E+03	 1.006440039E+04
 1.326615291E+03	 1.013579980E+04
 1.327152506E+03	 1.001359961E+04
 1.327689666E+03	 1.012540039E+04
 1.328226770E+03	 1.004279980E+04
 1.328763818E+03	 1.007179980E+04
 1.329300811E+03	 1.002279980E+04
 1.329837747E+03	 1.008679980E+04
 1.330374628E+03	 1.002079980E+04
 1.330911453E+03	 1.009779980E+04
 1.331448222E+03	 9.995200195E+03
 1.331984936E+03	 1.005879980E+04
 1.332521594E+03	 9.990599609E+03
 1.333058196E+03	 9.936000000E+03
 1.333594742E+03	 9.989200195E+03
 1.334131232E+03	 9.969000000E+03
 1.334667667E+03	 9.973799805E+03
 1.335204046E+03	 1.000159961E+04
 1.335740369E+03	 9.997799805E+03
 1.336276637E+03	 9.916599609E+03
 1.336812848E+03	 1.000159961E+04
 1.337349004E+03	 9.929400391E+03
 1.337885105E+03	 1.003420020E+04
 1.338421149E+03	 9.936799805E+03
 1.338957138E+03	 9.970599609E+03
 1.339493071E+03	 9.905400391E+03
 1.340028949E+03	 9.939200195E+03
 1.340564770E+03	 9.877799805E+03
 1.341100536E+03	 9.909799805E+03
 1.341636246E+03	 9.870799805E+03
 1.342171901E+03	 9.916400391E+03
 1.342707500E+03	 9.858799805E+03
 1.343243043E+03	 9.884799805E+03
 1.343778530E+03	 9.834000000E+03
 1.344313962E+03	 9.900400391E+03
 1.344849338E+03	 9.854400391E+03
 1.345384659E+03	 9.839599609E+03
 1.345919923E+03	 9.860599609E+03
 1.346455133E+03	 9.808200195E+03
 1.346990286E+03	 9.854000000E+03
 1.347525384E+03	 9.829599609E+03
 1.348060426E+03	 9.823799805E+03
 1.348595412E+03	 9.778599609E+03
 1.349130343E+03	 9.822599609E+03
 1.349665218E+03	 9.744000000E+03
 1.350200037E+03	 9.833599609E+03
 1.350734801E+03	 9.803799805E+03
 1.351269509E+03	 9.787000000E+03
 1.351804162E+03	 9.708000000E+03
 1.352338758E+03	 9.804799805E+03
 1.352873300E+03	 9.717599609E+03
 1.353407785E+03	 9.759000000E+03
 1.353942215E+03	 9.758599609E+03
 1.354476589E+03	 9.673200195E+03
 1.355010908E+03	 9.688200195E+03
 1.355545171E+03	 9.691599609E+03
 1.356079379E+03	 9.689799805E+03
 1.356613530E+03	 9.627400391E+03
 1.357147627E+03	 9.693599609E+03
 1.357681667E+03	 9.654799805E+03
 1.358215652E+03	 9.725599609E+03
 1.358749582E+03	 9.675400391E+03
 1.359283456E+03	 9.692799805E+03
 1.359817274E+03	 9.636000000E+03
 1.360351037E+03	 9.643599609E+03
 1.360884744E+03	 9.599200195E+03
 1.361418395E+03	 9.640799805E+03
 1.361951991E+03	 9.594799805E+03
 1.362485531E+03	 9.690599609E+03
 1.363019016E+03	 9.579799805E+03
 1.363552445E+03	 9.653000000E+03
 1.364085819E+03	 9.607799805E+03
 1.364619137E+03	 9.634599609E+03
 1.365152400E+03	 9.586200195E+03
 1.365685607E+03	 9.607000000E+03
 1.366218758E+03	 9.626000000E+03
 1.366751854E+03	 9.582400391E+03
 1.367284894E+03	 9.614799805E+03
 1.367817879E+03	 9.533599609E+03
 1.368350808E+03	 9.532599609E+03
 1.368883682E+03	 9.489400391E+03
 1.369416500E+03	 9.614799805E+03
 1.369949263E+03	 9.509200195E+03
 1.370481970E+03	 9.585000000E+03
 1.371014622E+03	 9.427599609E+03
 1.371547218E+03	 9.511000000E+03
 1.372079758E+03	 9.486200195E+03
 1.372612244E+03	 9.544599609E+03
 1.373144673E+03	 9.514200195E+03
 1.373677047E+03	 9.435599609E+03
 1.374209366E+03	 9.463000000E+03
 1.374741629E+03	 9.482400391E+03
 1.375273836E+03	 9.419000000E+03
 1.375805989E+03	 9.410400391E+03
 1.376338085E+03	 9.479599609E+03
 1.376870126E+03	 9.445200195E+03
 1.377402112E+03	 9.478200195E+03
 1.377934042E+03	 9.387599609E+03
 1.378465917E+03	 9.479799805E+03
 1.378997736E+03	 9.363000000E+03
 1.379529500E+03	 9.427799805E+03
 1.380061208E+03	 9.377200195E+03
 1.380592861E+03	 9.418799805E+03
 1.381124459E+03	 9.360400391E+03
 1.381656000E+03	 9.384799805E+03
 1.382187487E+03	 9.308799805E+03
 1.382718918E+03	 9.355200195E+03
 1.383250294E+03	 9.382799805E+03
 1.383781614E+03	 9.334000000E+03
 1.384312879E+03	 9.324799805E+03
 1.384844088E+03	 9.357599609E+03
 1.385375242E+03	 9.357599609E+03
 1.385906340E+03	 9.289200195E+03
 1.386437383E+03	 9.379599609E+03
 1.386968371E+03	 9.364400391E+03
 1.387499303E+03	 9.431400391E+03
 1.388030180E+03	 9.554000000E+03
 1.388561001E+03	 1.063340039E+04
 1.389091767E+03	 1.075959961E+04
 1.389622478E+03	 9.662799805E+03
 1.390153133E+03	 9.311400391E+03
 1.390683733E+03	 9.293400391E+03
 1.391214277E+03	 9.288400391E+03
 1.391744766E+03	 9.256599609E+03
 1.392275200E+03	 9.250799805E+03
 1.392805578E+03	 9.229799805E+03
 1.393335901E+03	 9.284400391E+03
 1.393866168E+03	 9.193000000E+03
 1.394396381E+03	 9.257200195E+03
 1.394926537E+03	 9.236400391E+03
 1.395456639E+03	 9.273799805E+03
 1.395986685E+03	 9.154200195E+03
 1.396516675E+03	 9.206000000E+03
 1.397046611E+03	 9.204400391E+03
 1.397576491E+03	 9.244799805E+03
 1.398106315E+03	 9.157200195E+03
 1.398636084E+03	 9.208200195E+03
 1.399165798E+03	 9.174200195E+03
 1.399695457E+03	 9.205000000E+03
 1.400225060E+03	 9.135799805E+03
 1.400754608E+03	 9.158000000E+03
 1.401284101E+03	 9.167799805E+03
 1.401813538E+03	 9.141599609E+03
 1.402342920E+03	 9.189200195E+03
 1.402872247E+03	 9.108200195E+03
 1.403401518E+03	 9.188799805E+03
 1.403930734E+03	 9.082799805E+03
 1.404459895E+03	 9.211000000E+03
 1.404989000E+03	 9.095799805E+03
 1.405518050E+03	 9.158799805E+03
 1.406047045E+03	 9.102000000E+03
 1.406575984E+03	 9.153599609E+03
 1.407104869E+03	 9.109000000E+03
 1.407633697E+03	 9.131599609E+03
 1.408162471E+03	 9.113200195E+03
 1.408691189E+03	 9.139799805E+03
 1.409219852E+03	 9.135400391E+03
 1.409748460E+03	 9.112599609E+03
 1.410277013E+03	 9.240799805E+03
 1.410805510E+03	 9.101599609E+03
 1.411333952E+03	 9.120599609E+03
 1.411862339E+03	 9.053000000E+03
 1.412390670E+03	 9.045400391E+03
 1.412918946E+03	 8.986200195E+03
 1.413447167E+03	 9.065200195E+03
 1.413975333E+03	 9.027799805E+03
 1.414503444E+03	 9.076599609E+03
 1.415031499E+03	 9.077799805E+03
 1.415559499E+03	 9.050200195E+03
 1.416087444E+03	 9.020599609E+03
 1.416615333E+03	 9.046599609E+03
 1.417143167E+03	 9.020000000E+03
 1.417670947E+03	 8.995599609E+03
 1.418198670E+03	 9.047599609E+03
 1.418726339E+03	 8.956000000E+03
 1.419253952E+03	 8.985799805E+03
 1.419781511E+03	 9.030799805E+03
 1.420309014E+03	 9.002000000E+03
 1.420836461E+03	 9.007400391E+03
 1.421363854E+03	 9.063799805E+03
 1.421891191E+03	 8.979400391E+03
 1.422418474E+03	 9.023400391E+03
 1.422945701E+03	 8.971400391E+03
 1.423472872E+03	 9.031200195E+03
 1.423999989E+03	 8.951799805E+03
 1.424527050E+03	 8.963200195E+03
 1.425054057E+03	 9.016599609E+03
 1.425581008E+03	 8.996599609E+03
 1.426107904E+03	 9.025799805E+03
 1.426634745E+03	 8.975799805E+03
 1.427161530E+03	 9.029200195E+03
 1.427688261E+03	 8.938400391E+03
 1.428214936E+03	 9.003400391E+03
 1.428741556E+03	 8.929400391E+03
 1.429268121E+03	 8.952599609E+03
 1.429794631E+03	 8.932200195E+03
 1.430321085E+03	 8.949200195E+03
 1.430847485E+03	 8.941400391E+03
 1.431373829E+03	 8.908200195E+03
 1.431900118E+03	 8.912000000E+03
 1.432426353E+03	 8.925799805E+03
 1.432952532E+03	 8.837799805E+03
 1.433478655E+03	 8.882000000E+03
 1.434004724E+03	 8.860599609E+03
 1.434530738E+03	 8.856799805E+03
 1.435056696E+03	 8.917000000E+03
 1.435582600E+03	 8.921400391E+03
 1.436108448E+03	 8.855000000E+03
 1.436634241E+03	 8.871200195E+03
 1.437159979E+03	 8.887000000E+03
 1.437685662E+03	 8.812400391E+03
 1.438211290E+03	 8.849200195E+03
 1.438736863E+03	 8.827599609E+03
 1.439262381E+03	 8.800000000E+03
 1.439787843E+03	 8.839200195E+03
 1.440313251E+03	 8.851799805E+03
 1.440838603E+03	 8.807799805E+03
 1.441363900E+03	 8.821000000E+03
 1.441889143E+03	 8.808799805E+03
 1.442414330E+03	 8.803400391E+03
 1.442939462E+03	 8.806200195E+03
 1.443464539E+03	 8.802599609E+03
 1.443989561E+03	 8.802599609E+03
 1.444514528E+03	 8.772799805E+03
 1.445039440E+03	 8.776200195E+03
 1.445564297E+03	 8.760599609E+03
 1.446089099E+03	 8.841200195E+03
 1.446613846E+03	 8.777400391E+03
 1.447138537E+03	 8.715599609E+03
 1.447663174E+03	 8.787400391E+03
 1.448187756E+03	 8.737200195E+03
 1.448712282E+03	 8.783799805E+03
 1.449236754E+03	 8.761799805E+03
 1.449761171E+03	 8.734799805E+03
 1.450285532E+03	 8.764599609E+03
 1.450809839E+03	 8.744200195E+03
 1.451334090E+03	 8.762799805E+03
 1.451858287E+03	 8.713200195E+03
 1.452382428E+03	 8.713000000E+03
 1.452906515E+03	 8.720400391E+03
 1.453430546E+03	 8.697200195E+03
 1.453954523E+03	 8.687000000E+03
 1.454478444E+03	 8.759200195E+03
 1.455002311E+03	 8.712400391E+03
 1.455526123E+03	 8.723400391E+03
 1.456049879E+03	 8.679599609E+03
 1.456573581E+03	 8.670400391E+03
 1.457097227E+03	 8.726799805E+03
 1.457620819E+03	 8.679599609E+03
 1.458144356E+03	 8.733599609E+03
 1.458667837E+03	 8.625200195E+03
 1.459191264E+03	 8.700799805E+03
 1.459714636E+03	 8.638400391E+03
 1.460237952E+03	 8.587599609E+03
 1.460761214E+03	 8.650799805E+03
 1.461284421E+03	 8.616200195E+03
 1.461807573E+03	 8.695200195E+03
 1.462330670E+03	 8.629400391E+03
 1.462853712E+03	 8.624400391E+03
 1.463376699E+03	 8.606000000E+03
 1.463899632E+03	 8.643599609E+03
 1.464422509E+03	 8.601599609E+03
 1.464945331E+03	 8.616599609E+03
 1.465468099E+03	 8.565400391E+03
 1.465990811E+03	 8.564200195E+03
 1.466513469E+03	 8.565200195E+03
 1.467036071E+03	 8.590599609E+03
 1.467558619E+03	 8.544200195E+03
 1.468081112E+03	 8.611799805E+03
 1.468603550E+03	 8.554400391E+03
 1.469125933E+03	 8.545599609E+03
 1.469648261E+03	 8.563400391E+03
 1.470170534E+03	 8.499599609E+03
 1.470692752E+03	 8.524599609E+03
 1.471214916E+03	 8.517200195E+03
 1.471737024E+03	 8.517400391E+03
 1.472259078E+03	 8.472599609E+03
 1.472781077E+03	 8.519799805E+03
 1.473303021E+03	 8.515000000E+03
 1.473824910E+03	 8.530400391E+03
 1.474346744E+03	 8.486000000E+03
 1.474868523E+03	 8.467200195E+03
 1.475390248E+03	 8.435799805E+03
 1.475911917E+03	 8.445400391E+03
 1.476433532E+03	 8.450400391E+03
 1.476955092E+03	 8.424000000E+03
 1.477476597E+03	 8.458400391E+03
 1.477998047E+03	 8.437599609E+03
 1.478519442E+03	 8.443400391E+03
 1.479040783E+03	 8.437200195E+03
 1.479562068E+03	 8.419000000E+03
 1.480083299E+03	 8.434799805E+03
 1.480604475E+03	 8.406799805E+03
 1.481125596E+03	 8.386200195E+03
 1.481646663E+03	 8.363200195E+03
 1.482167674E+03	 8.398200195E+03
 1.482688631E+03	 8.333799805E+03
 1.483209533E+03	 8.374599609E+03
 1.483730380E+03	 8.341200195E+03
 1.484251172E+03	 8.344000000E+03
 1.484771909E+03	 8.325400391E+03
 1.485292592E+03	 8.334799805E+03
 1.485813220E+03	 8.341799805E+03
 1.486333793E+03	 8.323200195E+03
 1.486854311E+03	 8.256599609E+03
 1.487374775E+03	 8.274799805E+03
 1.487895183E+03	 8.296799805E+03
 1.488415537E+03	 8.224799805E+03
 1.488935836E+03	 8.279400391E+03
 1.489456081E+03	 8.305400391E+03
 1.489976270E+03	 8.297400391E+03
 1.490496405E+03	 8.247799805E+03
 1.491016485E+03	 8.248400391E+03
 1.491536511E+03	 8.220200195E+03
 1.492056481E+03	 8.260599609E+03
 1.492576397E+03	 8.197799805E+03
 1.493096258E+03	 8.215200195E+03
 1.493616064E+03	 8.212200195E+03
 1.494135816E+03	 8.222599609E+03
 1.494655513E+03	 8.192000000E+03
 1.495175155E+03	 8.194799805E+03
 1.495694742E+03	 8.195599609E+03
 1.496214274E+03	 8.216000000E+03
 1.496733752E+03	 8.229000000E+03
 1.497253175E+03	 8.180000000E+03
 1.497772544E+03	 8.140399902E+03
 1.498291858E+03	 8.239200195E+03
 1.498811116E+03	 8.219400391E+03
 1.499330321E+03	 8.193000000E+03
 1.499849470E+03	 8.227599609E+03
 1.500368565E+03	 8.117399902E+03
 1.500887605E+03	 8.119799805E+03
 1.501406591E+03	 8.189200195E+03
 1.501925521E+03	 8.116000000E+03
 1.502444397E+03	 8.137799805E+03
 1.502963219E+03	 8.165799805E+03
 1.503481985E+03	 8.118799805E+03
 1.504000697E+03	 8.139799805E+03
 1.504519355E+03	 8.120799805E+03
 1.505037957E+03	 8.121000000E+03
 1.505556505E+03	 8.136399902E+03
 1.506074999E+03	 8.052600098E+03
 1.506593437E+03	 8.064200195E+03
 1.507111821E+03	 8.099000000E+03
 1.507630150E+03	 8.054000000E+03
 1.508148425E+03	 8.066000000E+03
 1.508666645E+03	 8.088000000E+03
 1.509184810E+03	 8.067200195E+03
 1.509702921E+03	 8.040799805E+03
 1.510220977E+03	 8.064399902E+03
 1.510738979E+03	 8.040799805E+03
 1.511256925E+03	 8.041799805E+03
 1.511774817E+03	 8.049399902E+03
 1.512292655E+03	 8.043000000E+03
 1.512810438E+03	 8.101799805E+03
 1.513328166E+03	 8.069600098E+03
 1.513845840E+03	 8.032799805E+03
 1.514363459E+03	 8.043399902E+03
 1.514881023E+03	 8.017600098E+03
 1.515398533E+03	 8.024799805E+03
 1.515915988E+03	 8.020600098E+03
 1.516433389E+03	 8.033200195E+03
 1.516950734E+03	 8.015200195E+03
 1.517468026E+03	 8.018200195E+03
 1.517985263E+03	 7.970799805E+03
 1.518502445E+03	 7.973000000E+03
 1.519019572E+03	 8.018600098E+03
 1.519536645E+03	 7.997399902E+03
 1.520053664E+03	 8.029600098E+03
 1.520570628E+03	 7.942799805E+03
 1.521087537E+03	 7.971600098E+03
 1.521604392E+03	 7.973399902E+03
 1.522121192E+03	 7.993000000E+03
 1.522637937E+03	 8.044799805E+03
 1.523154628E+03	 7.949399902E+03
 1.523671265E+03	 8.019399902E+03
 1.524187847E+03	 7.949399902E+03
 1.524704374E+03	 7.931799805E+03
 1.525220847E+03	 7.945799805E+03
 1.525737265E+03	 7.963600098E+03
 1.526253629E+03	 7.973000000E+03
 1.526769938E+03	 7.954799805E+03
 1.527286192E+03	 7.926000000E+03
 1.527802392E+03	 8.016399902E+03
 1.528318538E+03	 7.903600098E+03
 1.528834629E+03	 7.973200195E+03
 1.529350666E+03	 7.955799805E+03
 1.529866648E+03	 7.900799805E+03
 1.530382575E+03	 7.896600098E+03
 1.530898448E+03	 7.921799805E+03
 1.531414266E+03	 7.936600098E+03
 1.531930030E+03	 7.902000000E+03
 1.532445740E+03	 8.006000000E+03
 1.532961395E+03	 7.865399902E+03
 1.533476995E+03	 7.977600098E+03
 1.533992541E+03	 7.921399902E+03
 1.534508033E+03	 7.902200195E+03
 1.535023470E+03	 7.938000000E+03
 1.535538852E+03	 7.930200195E+03
 1.536054180E+03	 7.945600098E+03
 1.536569454E+03	 7.969200195E+03
 1.537084673E+03	 7.893399902E+03
 1.537599837E+03	 7.899399902E+03
 1.538114947E+03	 7.920600098E+03
 1.538630003E+03	 7.894200195E+03
 1.539145004E+03	 7.924200195E+03
 1.539659951E+03	 7.918600098E+03
 1.540174843E+03	 7.917200195E+03
 1.540689681E+03	 7.887200195E+03
 1.541204465E+03	 7.925000000E+03
 1.541719194E+03	 7.931600098E+03
 1.542233868E+03	 7.903000000E+03
 1.542748488E+03	 7.915000000E+03
 1.543263054E+03	 7.889200195E+03
 1.543777565E+03	 7.868200195E+03
 1.544292022E+03	 7.865000000E+03
 1.544806424E+03	 7.939600098E+03
 1.545320772E+03	 7.865399902E+03
 1.545835066E+03	 7.889399902E+03
 1.546349305E+03	 7.860799805E+03
 1.546863489E+03	 7.938000000E+03
 1.547377620E+03	 7.945399902E+03
 1.547891696E+03	 7.884200195E+03
 1.548405717E+03	 7.930600098E+03
 1.548919684E+03	 7.851799805E+03
 1.549433597E+03	 7.914600098E+03
 1.549947455E+03	 7.859600098E+03
 1.550461259E+03	 7.931399902E+03
 1.550975009E+03	 7.857600098E+03
 1.551488704E+03	 7.928399902E+03
 1.552002345E+03	 8.023200195E+03
 1.552515931E+03	 7.954799805E+03
 1.553029463E+03	 7.880399902E+03
 1.553542941E+03	 7.859399902E+03
 1.554056364E+03	 7.884799805E+03
 1.554569733E+03	 7.888200195E+03
 1.555083048E+03	 7.922000000E+03
 1.555596308E+03	 7.824399902E+03
 1.556109514E+03	 7.913200195E+03
 1.556622665E+03	 7.784399902E+03
 1.557135762E+03	 7.878399902E+03
 1.557648805E+03	 7.834799805E+03
 1.558161794E+03	 7.880200195E+03
 1.558674728E+03	 7.893600098E+03
 1.559187608E+03	 7.856000000E+03
 1.559700433E+03	 7.846399902E+03
 1.560213205E+03	 7.845200195E+03
 1.560725921E+03	 7.838000000E+03
 1.561238584E+03	 7.869600098E+03
 1.561751192E+03	 7.908200195E+03
 1.562263746E+03	 7.851000000E+03
 1.562776246E+03	 7.793399902E+03
 1.563288691E+03	 7.811799805E+03
 1.563801082E+03	 7.844399902E+03
 1.564313419E+03	 7.797600098E+03
 1.564825701E+03	 7.786600098E+03
 1.565337929E+03	 7.805399902E+03
 1.565850103E+03	 7.794600098E+03
 1.566362223E+03	 7.861600098E+03
 1.566874288E+03	 7.782399902E+03
 1.567386299E+03	 7.882799805E+03
 1.567898256E+03	 7.764600098E+03
 1.568410158E+03	 7.788200195E+03
 1.568922007E+03	 7.777000000E+03
 1.569433800E+03	 7.773000000E+03
 1.569945540E+03	 7.773600098E+03
 1.570457226E+03	 7.783000000E+03
 1.570968857E+03	 7.802000000E+03
 1.571480434E+03	 7.777200195E+03
 1.571991956E+03	 7.837600098E+03
 1.572503425E+03	 7.748799805E+03
 1.573014839E+03	 7.813000000E+03
 1.573526199E+03	 7.749000000E+03
 1.574037505E+03	 7.785000000E+03
 1.574548756E+03	 7.750000000E+03
 1.575059953E+03	 7.819600098E+03
 1.575571096E+03	 7.764600098E+03
 1.576082185E+03	 7.746200195E+03
 1.576593220E+03	 7.730000000E+03
 1.577104200E+03	 7.727799805E+03
 1.577615126E+03	 7.766200195E+03
 1.578125998E+03	 7.686600098E+03
 1.578636816E+03	 7.731799805E+03
 1.579147580E+03	 7.705200195E+03
 1.579658289E+03	 7.737200195E+03
 1.580168944E+03	 7.699200195E+03
 1.580679545E+03	 7.656200195E+03
 1.581190092E+03	 7.658200195E+03
 1.581700585E+03	 7.679399902E+03
 1.582211023E+03	 7.715200195E+03
 1.582721407E+03	 7.627200195E+03
 1.583231737E+03	 7.711000000E+03
 1.583742013E+03	 7.640000000E+03
 1.584252235E+03	 7.708600098E+03
 1.584762403E+03	 7.678399902E+03
 1.585272516E+03	 7.667000000E+03
 1.585782575E+03	 7.644000000E+03
 1.586292581E+03	 7.662600098E+03
 1.586802532E+03	 7.660799805E+03
 1.587312428E+03	 7.638600098E+03
 1.587822271E+03	 7.703799805E+03
 1.588332060E+03	 7.616000000E+03
 1.588841794E+03	 7.687600098E+03
 1.589351474E+03	 7.578600098E+03
 1.589861100E+03	 7.658399902E+03
 1.590370672E+03	 7.628000000E+03
 1.590880190E+03	 7.609200195E+03
 1.591389654E+03	 7.652200195E+03
 1.591899064E+03	 7.609200195E+03
 1.592408419E+03	 7.667799805E+03
