 1.042452273E+03	 1.383000000E+03
 1.043018714E+03	 1.381199951E+03
 1.043585098E+03	 1.379599976E+03
 1.044151424E+03	 1.387800049E+03
 1.044717692E+03	 1.372000000E+03
 1.045283903E+03	 1.388400024E+03
 1.045850056E+03	 1.369800049E+03
 1.046416151E+03	 1.370000000E+03
 1.046982188E+03	 1.384599976E+03
 1.047548167E+03	 1.375400024E+03
 1.048114089E+03	 1.391000000E+03
 1.048679953E+03	 1.380000000E+03
 1.049245760E+03	 1.388800049E+03
 1.049811509E+03	 1.383400024E+03
 1.050377200E+03	 1.377000000E+03
 1.050942833E+03	 1.378199951E+03
 1.051508408E+03	 1.393400024E+03
 1.052073926E+03	 1.376599976E+03
 1.052639387E+03	 1.387599976E+03
 1.053204789E+03	 1.380800049E+03
 1.053770134E+03	 1.385800049E+03
 1.054335421E+03	 1.374400024E+03
 1.054900651E+03	 1.362400024E+03
 1.055465823E+03	 1.387800049E+03
 1.056030937E+03	 1.392000000E+03
 1.056595993E+03	 1.387199951E+03
 1.057160992E+03	 1.386599976E+03
 1.057725934E+03	 1.381800049E+03
 1.058290817E+03	 1.388000000E+03
 1.058855643E+03	 1.372599976E+03
 1.059420411E+03	 1.386000000E+03
 1.059985122E+03	 1.387199951E+03
 1.060549775E+03	 1.369000000E+03
 1.061114371E+03	 1.383199951E+03
 1.061678908E+03	 1.385599976E+03
 1.062243389E+03	 1.377599976E+03
 1.062807811E+03	 1.378800049E+03
 1.063372176E+03	 1.379800049E+03
 1.063936483E+03	 1.382599976E+03
 1.064500733E+03	 1.374599976E+03
 1.065064925E+03	 1.369800049E+03
 1.065629060E+03	 1.370199951E+03
 1.066193137E+03	 1.370599976E+03
 1.066757156E+03	 1.382599976E+03
 1.067321118E+03	 1.383800049E+03
 1.067885022E+03	 1.370000000E+03
 1.068448869E+03	 1.367400024E+03
 1.069012658E+03	 1.392400024E+03
 1.069576390E+03	 1.372400024E+03
 1.070140063E+03	 1.377599976E+03
 1.070703680E+03	 1.392800049E+03
 1.071267239E+03	 1.382199951E+03
 1.071830740E+03	 1.378000000E+03
 1.072394184E+03	 1.376800049E+03
 1.072957570E+03	 1.378400024E+03
 1.073520899E+03	 1.382199951E+03
 1.074084170E+03	 1.370400024E+03
 1.074647383E+03	 1.378400024E+03
 1.075210540E+03	 1.380000000E+03
 1.075773638E+03	 1.378199951E+03
 1.076336679E+03	 1.386800049E+03
 1.076899663E+03	 1.382000000E+03
 1.077462589E+03	 1.374000000E+03
 1.078025457E+03	 1.370400024E+03
 1.078588268E+03	 1.382000000E+03
 1.079151022E+03	 1.381199951E+03
 1.079713718E+03	 1.376000000E+03
 1.080276356E+03	 1.370199951E+03
 1.080838937E+03	 1.377400024E+03
 1.081401461E+03	 1.381400024E+03
 1.081963927E+03	 1.378000000E+03
 1.082526336E+03	 1.379599976E+03
 1.083088687E+03	 1.380199951E+03
 1.083650981E+03	 1.381199951E+03
 1.084213217E+03	 1.370400024E+03
 1.084775396E+03	 1.365199951E+03
 1.085337517E+03	 1.360800049E+03
 1.085899581E+03	 1.373599976E+03
 1.086461587E+03	 1.374400024E+03
 1.087023536E+03	 1.386400024E+03
 1.087585428E+03	 1.381199951E+03
 1.088147262E+03	 1.380000000E+03
 1.088709039E+03	 1.375800049E+03
 1.089270758E+03	 1.363800049E+03
 1.089832420E+03	 1.371400024E+03
 1.090394024E+03	 1.362599976E+03
 1.090955571E+03	 1.355800049E+03
 1.091517061E+03	 1.371599976E+03
 1.092078493E+03	 1.368599976E+03
 1.092639868E+03	 1.353000000E+03
 1.093201185E+03	 1.354000000E+03
 1.093762445E+03	 1.357199951E+03
 1.094323648E+03	 1.373199951E+03
 1.094884793E+03	 1.350000000E+03
 1.095445881E+03	 1.355000000E+03
 1.096006911E+03	 1.362800049E+03
 1.096567884E+03	 1.361400024E+03
 1.097128800E+03	 1.361599976E+03
 1.097689659E+03	 1.362400024E+03
 1.098250460E+03	 1.371400024E+03
 1.098811203E+03	 1.360000000E+03
 1.099371890E+03	 1.354400024E+03
 1.099932518E+03	 1.358400024E+03
 1.100493090E+03	 1.358800049E+03
 1.101053604E+03	 1.349400024E+03
 1.101614061E+03	 1.341199951E+03
 1.102174461E+03	 1.349199951E+03
 1.102734803E+03	 1.352800049E+03
 1.103295088E+03	 1.355800049E+03
 1.103855316E+03	 1.355000000E+03
 1.104415486E+03	 1.357800049E+03
 1.104975599E+03	 1.345199951E+03
 1.105535655E+03	 1.354199951E+03
 1.106095653E+03	 1.352199951E+03
 1.106655594E+03	 1.354800049E+03
 1.107215478E+03	 1.346400024E+03
 1.107775305E+03	 1.341199951E+03
 1.108335074E+03	 1.337000000E+03
 1.108894786E+03	 1.336199951E+03
 1.109454440E+03	 1.344599976E+03
 1.110014038E+03	 1.337400024E+03
 1.110573578E+03	 1.340599976E+03
 1.111133061E+03	 1.353000000E+03
 1.111692486E+03	 1.338400024E+03
 1.112251854E+03	 1.328599976E+03
 1.112811165E+03	 1.320800049E+03
 1.113370419E+03	 1.342599976E+03
 1.113929616E+03	 1.326599976E+03
 1.114488755E+03	 1.347400024E+03
 1.115047837E+03	 1.340599976E+03
 1.115606862E+03	 1.338000000E+03
 1.116165830E+03	 1.338800049E+03
 1.116724740E+03	 1.330400024E+03
 1.117283593E+03	 1.325400024E+03
 1.117842389E+03	 1.334800049E+03
 1.118401128E+03	 1.327800049E+03
 1.118959809E+03	 1.337800049E+03
 1.119518433E+03	 1.321000000E+03
 1.120077000E+03	 1.331599976E+03
 1.120635510E+03	 1.327800049E+03
 1.121193963E+03	 1.322400024E+03
 1.121752358E+03	 1.330800049E+03
 1.122310697E+03	 1.332000000E+03
 1.122868978E+03	 1.332400024E+03
 1.123427202E+03	 1.330800049E+03
 1.123985368E+03	 1.325800049E+03
 1.124543478E+03	 1.329400024E+03
 1.125101530E+03	 1.332199951E+03
 1.125659526E+03	 1.320800049E+03
 1.126217464E+03	 1.321199951E+03
 1.126775345E+03	 1.321400024E+03
 1.127333168E+03	 1.319800049E+03
 1.127890935E+03	 1.328800049E+03
 1.128448644E+03	 1.326599976E+03
 1.129006297E+03	 1.306800049E+03
 1.129563892E+03	 1.305000000E+03
 1.130121430E+03	 1.324599976E+03
 1.130678911E+03	 1.324199951E+03
 1.131236335E+03	 1.318000000E+03
 1.131793701E+03	 1.316199951E+03
 1.132351011E+03	 1.318199951E+03
 1.132908263E+03	 1.323800049E+03
 1.133465458E+03	 1.323800049E+03
 1.134022597E+03	 1.311800049E+03
 1.134579678E+03	 1.312199951E+03
 1.135136702E+03	 1.312800049E+03
 1.135693669E+03	 1.307800049E+03
 1.136250578E+03	 1.304000000E+03
 1.136807431E+03	 1.311800049E+03
 1.137364227E+03	 1.301599976E+03
 1.137920965E+03	 1.308599976E+03
 1.138477647E+03	 1.293000000E+03
 1.139034271E+03	 1.311400024E+03
 1.139590839E+03	 1.304599976E+03
 1.140147349E+03	 1.291400024E+03
 1.140703802E+03	 1.311800049E+03
 1.141260198E+03	 1.298800049E+03
 1.141816537E+03	 1.293000000E+03
 1.142372820E+03	 1.301199951E+03
 1.142929045E+03	 1.302599976E+03
 1.143485213E+03	 1.306000000E+03
 1.144041323E+03	 1.293000000E+03
 1.144597377E+03	 1.303400024E+03
 1.145153374E+03	 1.287800049E+03
 1.145709314E+03	 1.306800049E+03
 1.146265197E+03	 1.266000000E+03
 1.146821023E+03	 1.308800049E+03
 1.147376792E+03	 1.281400024E+03
 1.147932503E+03	 1.309199951E+03
 1.148488158E+03	 1.288000000E+03
 1.149043756E+03	 1.278400024E+03
 1.149599297E+03	 1.293199951E+03
 1.150154781E+03	 1.282400024E+03
 1.150710207E+03	 1.294000000E+03
 1.151265577E+03	 1.284599976E+03
 1.151820890E+03	 1.294800049E+03
 1.152376146E+03	 1.283599976E+03
 1.152931345E+03	 1.280800049E+03
 1.153486487E+03	 1.285199951E+03
 1.154041572E+03	 1.285400024E+03
 1.154596600E+03	 1.295199951E+03
 1.155151571E+03	 1.288800049E+03
 1.155706485E+03	 1.271199951E+03
 1.156261342E+03	 1.264000000E+03
 1.156816142E+03	 1.273199951E+03
 1.157370885E+03	 1.272199951E+03
 1.157925572E+03	 1.270800049E+03
 1.158480201E+03	 1.290599976E+03
 1.159034774E+03	 1.278800049E+03
 1.159589289E+03	 1.278000000E+03
 1.160143748E+03	 1.275800049E+03
 1.160698149E+03	 1.286400024E+03
 1.161252494E+03	 1.271000000E+03
 1.161806782E+03	 1.264599976E+03
 1.162361013E+03	 1.256800049E+03
 1.162915187E+03	 1.256199951E+03
 1.163469304E+03	 1.276000000E+03
 1.164023364E+03	 1.273000000E+03
 1.164577368E+03	 1.271000000E+03
 1.165131314E+03	 1.272599976E+03
 1.165685204E+03	 1.265599976E+03
 1.166239036E+03	 1.272800049E+03
 1.166792812E+03	 1.268400024E+03
 1.167346531E+03	 1.274400024E+03
 1.167900193E+03	 1.254400024E+03
 1.168453798E+03	 1.280199951E+03
 1.169007347E+03	 1.265400024E+03
 1.169560838E+03	 1.263400024E+03
 1.170114273E+03	 1.257599976E+03
 1.170667650E+03	 1.265800049E+03
 1.171220971E+03	 1.268400024E+03
 1.171774235E+03	 1.252000000E+03
 1.172327443E+03	 1.259000000E+03
 1.172880593E+03	 1.265000000E+03
 1.173433687E+03	 1.264599976E+03
 1.173986723E+03	 1.252000000E+03
 1.174539703E+03	 1.258000000E+03
 1.175092626E+03	 1.262599976E+03
 1.175645493E+03	 1.245400024E+03
 1.176198302E+03	 1.252800049E+03
 1.176751055E+03	 1.271199951E+03
 1.177303751E+03	 1.269599976E+03
 1.177856390E+03	 1.267800049E+03
 1.178408972E+03	 1.261800049E+03
 1.178961498E+03	 1.267599976E+03
 1.179513966E+03	 1.242400024E+03
 1.180066378E+03	 1.241199951E+03
 1.180618733E+03	 1.253000000E+03
 1.181171032E+03	 1.246400024E+03
 1.181723273E+03	 1.254199951E+03
 1.182275458E+03	 1.248199951E+03
 1.182827586E+03	 1.262400024E+03
 1.183379657E+03	 1.245199951E+03
 1.183931672E+03	 1.246199951E+03
 1.184483630E+03	 1.245000000E+03
 1.185035531E+03	 1.259400024E+03
 1.185587375E+03	 1.248800049E+03
 1.186139162E+03	 1.252400024E+03
 1.186690893E+03	 1.255400024E+03
 1.187242567E+03	 1.250599976E+03
 1.187794184E+03	 1.255400024E+03
 1.188345745E+03	 1.243199951E+03
 1.188897249E+03	 1.244199951E+03
 1.189448696E+03	 1.236599976E+03
 1.190000086E+03	 1.248400024E+03
 1.190551420E+03	 1.242599976E+03
 1.191102697E+03	 1.246800049E+03
 1.191653918E+03	 1.244599976E+03
 1.192205081E+03	 1.254400024E+03
 1.192756188E+03	 1.238199951E+03
 1.193307238E+03	 1.260199951E+03
 1.193858232E+03	 1.254199951E+03
 1.194409169E+03	 1.250000000E+03
 1.194960049E+03	 1.229800049E+03
 1.195510872E+03	 1.242000000E+03
 1.196061639E+03	 1.231800049E+03
 1.196612349E+03	 1.224199951E+03
 1.197163003E+03	 1.230000000E+03
 1.197713599E+03	 1.232400024E+03
 1.198264139E+03	 1.232599976E+03
 1.198814623E+03	 1.237400024E+03
 1.199365050E+03	 1.230599976E+03
 1.199915420E+03	 1.224400024E+03
 1.200465734E+03	 1.225800049E+03
 1.201015990E+03	 1.235000000E+03
 1.201566191E+03	 1.224199951E+03
 1.202116334E+03	 1.233599976E+03
 1.202666421E+03	 1.236199951E+03
 1.203216452E+03	 1.226400024E+03
 1.203766425E+03	 1.236400024E+03
 1.204316343E+03	 1.228199951E+03
 1.204866203E+03	 1.247000000E+03
 1.205416007E+03	 1.227199951E+03
 1.205965754E+03	 1.228599976E+03
 1.206515445E+03	 1.228599976E+03
 1.207065079E+03	 1.248599976E+03
 1.207614657E+03	 1.234599976E+03
 1.208164177E+03	 1.230800049E+03
 1.208713642E+03	 1.220599976E+03
 1.209263050E+03	 1.233599976E+03
 1.209812401E+03	 1.230199951E+03
 1.210361695E+03	 1.239599976E+03
 1.210910933E+03	 1.222800049E+03
 1.211460115E+03	 1.226599976E+03
 1.212009240E+03	 1.225199951E+03
 1.212558308E+03	 1.228000000E+03
 1.213107320E+03	 1.232400024E+03
 1.213656275E+03	 1.213599976E+03
 1.214205174E+03	 1.228800049E+03
 1.214754016E+03	 1.220599976E+03
 1.215302801E+03	 1.237000000E+03
 1.215851530E+03	 1.226800049E+03
 1.216400203E+03	 1.229000000E+03
 1.216948819E+03	 1.222199951E+03
 1.217497378E+03	 1.223599976E+03
 1.218045881E+03	 1.217599976E+03
 1.218594327E+03	 1.217199951E+03
 1.219142717E+03	 1.227800049E+03
 1.219691051E+03	 1.220800049E+03
 1.220239327E+03	 1.227199951E+03
 1.220787548E+03	 1.223800049E+03
 1.221335712E+03	 1.221000000E+03
 1.221883819E+03	 1.228199951E+03
 1.222431870E+03	 1.220800049E+03
 1.222979864E+03	 1.226199951E+03
 1.223527802E+03	 1.235800049E+03
 1.224075683E+03	 1.219800049E+03
 1.224623508E+03	 1.232599976E+03
 1.225171277E+03	 1.221599976E+03
 1.225718989E+03	 1.221400024E+03
 1.226266644E+03	 1.223400024E+03
 1.226814243E+03	 1.225400024E+03
 1.227361786E+03	 1.228000000E+03
 1.227909272E+03	 1.211599976E+03
 1.228456702E+03	 1.229000000E+03
 1.229004075E+03	 1.230000000E+03
 1.229551392E+03	 1.229199951E+03
 1.230098652E+03	 1.228800049E+03
 1.230645856E+03	 1.217599976E+03
 1.231193003E+03	 1.222199951E+03
 1.231740094E+03	 1.228400024E+03
 1.232287129E+03	 1.239000000E+03
 1.232834107E+03	 1.212800049E+03
 1.233381029E+03	 1.234599976E+03
 1.233927894E+03	 1.236199951E+03
 1.234474703E+03	 1.229199951E+03
 1.235021455E+03	 1.234599976E+03
 1.235568151E+03	 1.222400024E+03
 1.236114791E+03	 1.227599976E+03
 1.236661374E+03	 1.226800049E+03
 1.237207901E+03	 1.226400024E+03
 1.237754372E+03	 1.224599976E+03
 1.238300786E+03	 1.221800049E+03
 1.238847144E+03	 1.246199951E+03
 1.239393445E+03	 1.223599976E+03
 1.239939690E+03	 1.227199951E+03
 1.240485879E+03	 1.236000000E+03
 1.241032011E+03	 1.232199951E+03
 1.241578087E+03	 1.234400024E+03
 1.242124106E+03	 1.235000000E+03
 1.242670070E+03	 1.234400024E+03
 1.243215976E+03	 1.230199951E+03
 1.243761827E+03	 1.236800049E+03
 1.244307621E+03	 1.223199951E+03
 1.244853359E+03	 1.231599976E+03
 1.245399040E+03	 1.234000000E+03
 1.245944665E+03	 1.232000000E+03
 1.246490234E+03	 1.249400024E+03
 1.247035746E+03	 1.241000000E+03
 1.247581203E+03	 1.243000000E+03
 1.248126602E+03	 1.235199951E+03
 1.248671946E+03	 1.245199951E+03
 1.249217233E+03	 1.232800049E+03
 1.249762464E+03	 1.241599976E+03
 1.250307638E+03	 1.237400024E+03
 1.250852757E+03	 1.237000000E+03
 1.251397819E+03	 1.230599976E+03
 1.251942824E+03	 1.235000000E+03
 1.252487774E+03	 1.240000000E+03
 1.253032667E+03	 1.238800049E+03
 1.253577503E+03	 1.237400024E+03
 1.254122284E+03	 1.234000000E+03
 1.254667008E+03	 1.240000000E+03
 1.255211676E+03	 1.231199951E+03
 1.255756288E+03	 1.231199951E+03
 1.256300843E+03	 1.218800049E+03
 1.256845342E+03	 1.239199951E+03
 1.257389785E+03	 1.241000000E+03
 1.257934172E+03	 1.233000000E+03
 1.258478502E+03	 1.243400024E+03
 1.259022776E+03	 1.238000000E+03
 1.259566994E+03	 1.251400024E+03
 1.260111156E+03	 1.273199951E+03
 1.260655261E+03	 1.236800049E+03
 1.261199311E+03	 1.237199951E+03
 1.261743304E+03	 1.244800049E+03
 1.262287240E+03	 1.242000000E+03
 1.262831121E+03	 1.243199951E+03
 1.263374945E+03	 1.254599976E+03
 1.263918713E+03	 1.266599976E+03
 1.264462425E+03	 1.274199951E+03
 1.265006081E+03	 1.328800049E+03
 1.265549680E+03	 1.327400024E+03
 1.266093223E+03	 1.281800049E+03
 1.266636711E+03	 1.269599976E+03
 1.267180141E+03	 1.254400024E+03
 1.267723516E+03	 1.236199951E+03
 1.268266835E+03	 1.253800049E+03
 1.268810097E+03	 1.239000000E+03
 1.269353303E+03	 1.224400024E+03
 1.269896453E+03	 1.245800049E+03
 1.270439547E+03	 1.242599976E+03
 1.270982584E+03	 1.228599976E+03
 1.271525566E+03	 1.240199951E+03
 1.272068491E+03	 1.249199951E+03
 1.272611360E+03	 1.243199951E+03
 1.273154173E+03	 1.240800049E+03
 1.273696930E+03	 1.234199951E+03
 1.274239631E+03	 1.239000000E+03
 1.274782275E+03	 1.234199951E+03
 1.275324864E+03	 1.257800049E+03
 1.275867396E+03	 1.243800049E+03
 1.276409872E+03	 1.239400024E+03
 1.276952292E+03	 1.244199951E+03
 1.277494656E+03	 1.242000000E+03
 1.278036964E+03	 1.238800049E+03
 1.278579215E+03	 1.242000000E+03
 1.279121411E+03	 1.245000000E+03
 1.279663550E+03	 1.247599976E+03
 1.280205634E+03	 1.238400024E+03
 1.280747661E+03	 1.241400024E+03
 1.281289632E+03	 1.246800049E+03
 1.281831547E+03	 1.245800049E+03
 1.282373406E+03	 1.239199951E+03
 1.282915209E+03	 1.268599976E+03
 1.283456955E+03	 1.288599976E+03
 1.283998646E+03	 1.340400024E+03
 1.284540281E+03	 1.513000000E+03
 1.285081859E+03	 2.119199951E+03
 1.285623381E+03	 2.676600098E+03
 1.286164848E+03	 1.861800049E+03
 1.286706258E+03	 1.384400024E+03
 1.287247612E+03	 1.298599976E+03
 1.287788911E+03	 1.261000000E+03
 1.288330153E+03	 1.259000000E+03
 1.288871339E+03	 1.259000000E+03
 1.289412469E+03	 1.242800049E+03
 1.289953543E+03	 1.239000000E+03
 1.290494561E+03	 1.242599976E+03
 1.291035523E+03	 1.229599976E+03
 1.291576428E+03	 1.238000000E+03
 1.292117278E+03	 1.227000000E+03
 1.292658072E+03	 1.234199951E+03
 1.293198810E+03	 1.236599976E+03
 1.293739492E+03	 1.225199951E+03
 1.294280118E+03	 1.235199951E+03
 1.294820687E+03	 1.243000000E+03
 1.295361201E+03	 1.234800049E+03
 1.295901659E+03	 1.218000000E+03
 1.296442061E+03	 1.233599976E+03
 1.296982406E+03	 1.214400024E+03
 1.297522696E+03	 1.231199951E+03
 1.298062930E+03	 1.224400024E+03
 1.298603108E+03	 1.234599976E+03
 1.299143229E+03	 1.217199951E+03
 1.299683295E+03	 1.221199951E+03
 1.300223305E+03	 1.230400024E+03
 1.300763259E+03	 1.232400024E+03
 1.301303157E+03	 1.207000000E+03
 1.301842999E+03	 1.224599976E+03
 1.302382785E+03	 1.220599976E+03
 1.302922515E+03	 1.224000000E+03
 1.303462189E+03	 1.231400024E+03
 1.304001807E+03	 1.230000000E+03
 1.304541369E+03	 1.218800049E+03
 1.305080875E+03	 1.232800049E+03
 1.305620326E+03	 1.218800049E+03
 1.306159720E+03	 1.221599976E+03
 1.306699058E+03	 1.216199951E+03
 1.307238341E+03	 1.213400024E+03
 1.307777567E+03	 1.203400024E+03
 1.308316738E+03	 1.219199951E+03
 1.308855853E+03	 1.212599976E+03
 1.309394912E+03	 1.217800049E+03
 1.309933915E+03	 1.216800049E+03
 1.310472862E+03	 1.216800049E+03
 1.311011753E+03	 1.209400024E+03
 1.311550588E+03	 1.201199951E+03
 1.312089367E+03	 1.212800049E+03
 1.312628090E+03	 1.227000000E+03
 1.313166758E+03	 1.205400024E+03
 1.313705370E+03	 1.205000000E+03
 1.314243925E+03	 1.227000000E+03
 1.314782425E+03	 1.200400024E+03
 1.315320869E+03	 1.209599976E+03
 1.315859257E+03	 1.213599976E+03
 1.316397589E+03	 1.204400024E+03
 1.316935866E+03	 1.205599976E+03
 1.317474086E+03	 1.202199951E+03
 1.318012251E+03	 1.199599976E+03
 1.318550360E+03	 1.197400024E+03
 1.319088413E+03	 1.205599976E+03
 1.319626410E+03	 1.208599976E+03
 1.320164351E+03	 1.203000000E+03
 1.320702236E+03	 1.193000000E+03
 1.321240066E+03	 1.202000000E+03
 1.321777839E+03	 1.188800049E+03
 1.322315557E+03	 1.200199951E+03
 1.322853219E+03	 1.192400024E+03
 1.323390826E+03	 1.200199951E+03
 1.323928376E+03	 1.188400024E+03
 1.324465871E+03	 1.192199951E+03
 1.325003309E+03	 1.183400024E+03
 1.325540692E+03	 1.186400024E+03
 1.326078020E+03	 1.195000000E+03
 1.326615291E+03	 1.195000000E+03
 1.327152506E+03	 1.192400024E+03
 1.327689666E+03	 1.192599976E+03
 1.328226770E+03	 1.201199951E+03
 1.328763818E+03	 1.190199951E+03
 1.329300811E+03	 1.191400024E+03
 1.329837747E+03	 1.190800049E+03
 1.330374628E+03	 1.183199951E+03
 1.330911453E+03	 1.184599976E+03
 1.331448222E+03	 1.183199951E+03
 1.331984936E+03	 1.184599976E+03
 1.332521594E+03	 1.189000000E+03
 1.333058196E+03	 1.186000000E+03
 1.333594742E+03	 1.177000000E+03
 1.334131232E+03	 1.179000000E+03
 1.334667667E+03	 1.177000000E+03
 1.335204046E+03	 1.183800049E+03
 1.335740369E+03	 1.175000000E+03
 1.336276637E+03	 1.170199951E+03
 1.336812848E+03	 1.173400024E+03
 1.337349004E+03	 1.178199951E+03
 1.337885105E+03	 1.175800049E+03
 1.338421149E+03	 1.177599976E+03
 1.338957138E+03	 1.182199951E+03
 1.339493071E+03	 1.175400024E+03
 1.340028949E+03	 1.173400024E+03
 1.340564770E+03	 1.158400024E+03
 1.341100536E+03	 1.162400024E+03
 1.341636246E+03	 1.163199951E+03
 1.342171901E+03	 1.169199951E+03
 1.342707500E+03	 1.167400024E+03
 1.343243043E+03	 1.158400024E+03
 1.343778530E+03	 1.175599976E+03
 1.344313962E+03	 1.174800049E+03
 1.344849338E+03	 1.176000000E+03
 1.345384659E+03	 1.166599976E+03
 1.345919923E+03	 1.158400024E+03
 1.346455133E+03	 1.160599976E+03
 1.346990286E+03	 1.164199951E+03
 1.347525384E+03	 1.164400024E+03
 1.348060426E+03	 1.157400024E+03
 1.348595412E+03	 1.163800049E+03
 1.349130343E+03	 1.170599976E+03
 1.349665218E+03	 1.170000000E+03
 1.350200037E+03	 1.158199951E+03
 1.350734801E+03	 1.169000000E+03
 1.351269509E+03	 1.156400024E+03
 1.351804162E+03	 1.154199951E+03
 1.352338758E+03	 1.158599976E+03
 1.352873300E+03	 1.153800049E+03
 1.353407785E+03	 1.158599976E+03
 1.353942215E+03	 1.156800049E+03
 1.354476589E+03	 1.152400024E+03
 1.355010908E+03	 1.161599976E+03
 1.355545171E+03	 1.157400024E+03
 1.356079379E+03	 1.152599976E+03
 1.356613530E+03	 1.146400024E+03
 1.357147627E+03	 1.157000000E+03
 1.357681667E+03	 1.156000000E+03
 1.358215652E+03	 1.153400024E+03
 1.358749582E+03	 1.157800049E+03
 1.359283456E+03	 1.160199951E+03
 1.359817274E+03	 1.156599976E+03
 1.360351037E+03	 1.138000000E+03
 1.360884744E+03	 1.141400024E+03
 1.361418395E+03	 1.145800049E+03
 1.361951991E+03	 1.152599976E+03
 1.362485531E+03	 1.152599976E+03
 1.363019016E+03	 1.143800049E+03
 1.363552445E+03	 1.156599976E+03
 1.364085819E+03	 1.153800049E+03
 1.364619137E+03	 1.147599976E+03
 1.365152400E+03	 1.140599976E+03
 1.365685607E+03	 1.141199951E+03
 1.366218758E+03	 1.146599976E+03
 1.366751854E+03	 1.141199951E+03
 1.367284894E+03	 1.142400024E+03
 1.367817879E+03	 1.132000000E+03
 1.368350808E+03	 1.148800049E+03
 1.368883682E+03	 1.136400024E+03
 1.369416500E+03	 1.149400024E+03
 1.369949263E+03	 1.154000000E+03
 1.370481970E+03	 1.181000000E+03
 1.371014622E+03	 1.154199951E+03
 1.371547218E+03	 1.146800049E+03
 1.372079758E+03	 1.147599976E+03
 1.372612244E+03	 1.145000000E+03
 1.373144673E+03	 1.134400024E+03
 1.373677047E+03	 1.131800049E+03
 1.374209366E+03	 1.140400024E+03
 1.374741629E+03	 1.145400024E+03
 1.375273836E+03	 1.133400024E+03
 1.375805989E+03	 1.138400024E+03
 1.376338085E+03	 1.142199951E+03
 1.376870126E+03	 1.140000000E+03
 1.377402112E+03	 1.128800049E+03
 1.377934042E+03	 1.137000000E+03
 1.378465917E+03	 1.142400024E+03
 1.378997736E+03	 1.139000000E+03
 1.379529500E+03	 1.139800049E+03
 1.380061208E+03	 1.133599976E+03
 1.380592861E+03	 1.142000000E+03
 1.381124459E+03	 1.148000000E+03
 1.381656000E+03	 1.125199951E+03
 1.382187487E+03	 1.135400024E+03
 1.382718918E+03	 1.137000000E+03
 1.383250294E+03	 1.151199951E+03
 1.383781614E+03	 1.132000000E+03
 1.384312879E+03	 1.144400024E+03
 1.384844088E+03	 1.156599976E+03
 1.385375242E+03	 1.156599976E+03
 1.385906340E+03	 1.152800049E+03
 1.386437383E+03	 1.191800049E+03
 1.386968371E+03	 1.191599976E+03
 1.387499303E+03	 1.277800049E+03
 1.388030180E+03	 1.612000000E+03
 1.388561001E+03	 2.980800049E+03
 1.389091767E+03	 3.005399902E+03
 1.389622478E+03	 1.556000000E+03
 1.390153133E+03	 1.257400024E+03
 1.390683733E+03	 1.177599976E+03
 1.391214277E+03	 1.164599976E+03
 1.391744766E+03	 1.155400024E+03
 1.392275200E+03	 1.135800049E+03
 1.392805578E+03	 1.147599976E+03
 1.393335901E+03	 1.138000000E+03
 1.393866168E+03	 1.134400024E+03
 1.394396381E+03	 1.136400024E+03
 1.394926537E+03	 1.121199951E+03
 1.395456639E+03	 1.123599976E+03
 1.395986685E+03	 1.132199951E+03
 1.396516675E+03	 1.131400024E+03
 1.397046611E+03	 1.121800049E+03
 1.397576491E+03	 1.134000000E+03
 1.398106315E+03	 1.123000000E+03
 1.398636084E+03	 1.128199951E+03
 1.399165798E+03	 1.129400024E+03
 1.399695457E+03	 1.131000000E+03
 1.400225060E+03	 1.122800049E+03
 1.400754608E+03	 1.118199951E+03
 1.401284101E+03	 1.130199951E+03
 1.401813538E+03	 1.125599976E+03
 1.402342920E+03	 1.112599976E+03
 1.402872247E+03	 1.137199951E+03
 1.403401518E+03	 1.122000000E+03
 1.403930734E+03	 1.111199951E+03
 1.404459895E+03	 1.124000000E+03
 1.404989000E+03	 1.134199951E+03
 1.405518050E+03	 1.133400024E+03
 1.406047045E+03	 1.120199951E+03
 1.406575984E+03	 1.127800049E+03
 1.407104869E+03	 1.122400024E+03
 1.407633697E+03	 1.140000000E+03
 1.408162471E+03	 1.134199951E+03
 1.408691189E+03	 1.141400024E+03
 1.409219852E+03	 1.176599976E+03
 1.409748460E+03	 1.253800049E+03
 1.410277013E+03	 1.296199951E+03
 1.410805510E+03	 1.222800049E+03
 1.411333952E+03	 1.165000000E+03
 1.411862339E+03	 1.134000000E+03
 1.412390670E+03	 1.131800049E+03
 1.412918946E+03	 1.132000000E+03
 1.413447167E+03	 1.124199951E+03
 1.413975333E+03	 1.127400024E+03
 1.414503444E+03	 1.133000000E+03
 1.415031499E+03	 1.131599976E+03
 1.415559499E+03	 1.127199951E+03
 1.416087444E+03	 1.111000000E+03
 1.416615333E+03	 1.138400024E+03
 1.417143167E+03	 1.126000000E+03
 1.417670947E+03	 1.128000000E+03
 1.418198670E+03	 1.134400024E+03
 1.418726339E+03	 1.126599976E+03
 1.419253952E+03	 1.127000000E+03
 1.419781511E+03	 1.124199951E+03
 1.420309014E+03	 1.119400024E+03
 1.420836461E+03	 1.127800049E+03
 1.421363854E+03	 1.130000000E+03
 1.421891191E+03	 1.117800049E+03
 1.422418474E+03	 1.125000000E+03
 1.422945701E+03	 1.115800049E+03
 1.423472872E+03	 1.119199951E+03
 1.423999989E+03	 1.135800049E+03
 1.424527050E+03	 1.131199951E+03
 1.425054057E+03	 1.131599976E+03
 1.425581008E+03	 1.126599976E+03
 1.426107904E+03	 1.136199951E+03
 1.426634745E+03	 1.122199951E+03
 1.427161530E+03	 1.130800049E+03
 1.427688261E+03	 1.137800049E+03
 1.428214936E+03	 1.125800049E+03
 1.428741556E+03	 1.131599976E+03
 1.429268121E+03	 1.112199951E+03
 1.429794631E+03	 1.135000000E+03
 1.430321085E+03	 1.117000000E+03
 1.430847485E+03	 1.118800049E+03
 1.431373829E+03	 1.123599976E+03
 1.431900118E+03	 1.126599976E+03
 1.432426353E+03	 1.124800049E+03
 1.432952532E+03	 1.116599976E+03
 1.433478655E+03	 1.136199951E+03
 1.434004724E+03	 1.127800049E+03
 1.434530738E+03	 1.125599976E+03
 1.435056696E+03	 1.129400024E+03
 1.435582600E+03	 1.128199951E+03
 1.436108448E+03	 1.125400024E+03
 1.436634241E+03	 1.120400024E+03
 1.437159979E+03	 1.117400024E+03
 1.437685662E+03	 1.129400024E+03
 1.438211290E+03	 1.120199951E+03
 1.438736863E+03	 1.124800049E+03
 1.439262381E+03	 1.124400024E+03
 1.439787843E+03	 1.116400024E+03
 1.440313251E+03	 1.122199951E+03
 1.440838603E+03	 1.120400024E+03
 1.441363900E+03	 1.126800049E+03
 1.441889143E+03	 1.136199951E+03
 1.442414330E+03	 1.130199951E+03
 1.442939462E+03	 1.128199951E+03
 1.443464539E+03	 1.121000000E+03
 1.443989561E+03	 1.118599976E+03
 1.444514528E+03	 1.125400024E+03
 1.445039440E+03	 1.133800049E+03
 1.445564297E+03	 1.121800049E+03
 1.446089099E+03	 1.129199951E+03
 1.446613846E+03	 1.119400024E+03
 1.447138537E+03	 1.116199951E+03
 1.447663174E+03	 1.117400024E+03
 1.448187756E+03	 1.126800049E+03
 1.448712282E+03	 1.122800049E+03
 1.449236754E+03	 1.124800049E+03
 1.449761171E+03	 1.132000000E+03
 1.450285532E+03	 1.131800049E+03
 1.450809839E+03	 1.120800049E+03
 1.451334090E+03	 1.130000000E+03
 1.451858287E+03	 1.135800049E+03
 1.452382428E+03	 1.112400024E+03
 1.452906515E+03	 1.121599976E+03
 1.453430546E+03	 1.130400024E+03
 1.453954523E+03	 1.114400024E+03
 1.454478444E+03	 1.122000000E+03
 1.455002311E+03	 1.128800049E+03
 1.455526123E+03	 1.125400024E+03
 1.456049879E+03	 1.128800049E+03
 1.456573581E+03	 1.116800049E+03
 1.457097227E+03	 1.127800049E+03
 1.457620819E+03	 1.121000000E+03
 1.458144356E+03	 1.118400024E+03
 1.458667837E+03	 1.121599976E+03
 1.459191264E+03	 1.122599976E+03
 1.459714636E+03	 1.135000000E+03
 1.460237952E+03	 1.118599976E+03
 1.460761214E+03	 1.123800049E+03
 1.461284421E+03	 1.124400024E+03
 1.461807573E+03	 1.124000000E+03
 1.462330670E+03	 1.119199951E+03
 1.462853712E+03	 1.110800049E+03
 1.463376699E+03	 1.118199951E+03
 1.463899632E+03	 1.131400024E+03
 1.464422509E+03	 1.120400024E+03
 1.464945331E+03	 1.119800049E+03
 1.465468099E+03	 1.133800049E+03
 1.465990811E+03	 1.119400024E+03
 1.466513469E+03	 1.124599976E+03
 1.467036071E+03	 1.123400024E+03
 1.467558619E+03	 1.127599976E+03
 1.468081112E+03	 1.126199951E+03
 1.468603550E+03	 1.124599976E+03
 1.469125933E+03	 1.128000000E+03
 1.469648261E+03	 1.122800049E+03
 1.470170534E+03	 1.136400024E+03
 1.470692752E+03	 1.124400024E+03
 1.471214916E+03	 1.118599976E+03
 1.471737024E+03	 1.130199951E+03
 1.472259078E+03	 1.128599976E+03
 1.472781077E+03	 1.133199951E+03
 1.473303021E+03	 1.121599976E+03
 1.473824910E+03	 1.123599976E+03
 1.474346744E+03	 1.113800049E+03
 1.474868523E+03	 1.125400024E+03
 1.475390248E+03	 1.124199951E+03
 1.475911917E+03	 1.122000000E+03
 1.476433532E+03	 1.120599976E+03
 1.476955092E+03	 1.122199951E+03
 1.477476597E+03	 1.114400024E+03
 1.477998047E+03	 1.119400024E+03
 1.478519442E+03	 1.135800049E+03
 1.479040783E+03	 1.128199951E+03
 1.479562068E+03	 1.122599976E+03
 1.480083299E+03	 1.114199951E+03
 1.480604475E+03	 1.123000000E+03
 1.481125596E+03	 1.120599976E+03
 1.481646663E+03	 1.122400024E+03
 1.482167674E+03	 1.108000000E+03
 1.482688631E+03	 1.121199951E+03
 1.483209533E+03	 1.123199951E+03
 1.483730380E+03	 1.117599976E+03
 1.484251172E+03	 1.110400024E+03
 1.484771909E+03	 1.118400024E+03
 1.485292592E+03	 1.123800049E+03
 1.485813220E+03	 1.108400024E+03
 1.486333793E+03	 1.113400024E+03
 1.486854311E+03	 1.112400024E+03
 1.487374775E+03	 1.128199951E+03
 1.487895183E+03	 1.125000000E+03
 1.488415537E+03	 1.112199951E+03
 1.488935836E+03	 1.110800049E+03
 1.489456081E+03	 1.110199951E+03
 1.489976270E+03	 1.104199951E+03
 1.490496405E+03	 1.109400024E+03
 1.491016485E+03	 1.107199951E+03
 1.491536511E+03	 1.098599976E+03
 1.492056481E+03	 1.109800049E+03
 1.492576397E+03	 1.101000000E+03
 1.493096258E+03	 1.099000000E+03
 1.493616064E+03	 1.112000000E+03
 1.494135816E+03	 1.117000000E+03
 1.494655513E+03	 1.103599976E+03
 1.495175155E+03	 1.117000000E+03
 1.495694742E+03	 1.105000000E+03
 1.496214274E+03	 1.111400024E+03
 1.496733752E+03	 1.116400024E+03
 1.497253175E+03	 1.120199951E+03
 1.497772544E+03	 1.106800049E+03
 1.498291858E+03	 1.117000000E+03
 1.498811116E+03	 1.103199951E+03
 1.499330321E+03	 1.107400024E+03
 1.499849470E+03	 1.106199951E+03
 1.500368565E+03	 1.110800049E+03
 1.500887605E+03	 1.107400024E+03
 1.501406591E+03	 1.095400024E+03
 1.501925521E+03	 1.102599976E+03
 1.502444397E+03	 1.100199951E+03
 1.502963219E+03	 1.097599976E+03
 1.503481985E+03	 1.116400024E+03
 1.504000697E+03	 1.095599976E+03
 1.504519355E+03	 1.099599976E+03
 1.505037957E+03	 1.096800049E+03
 1.505556505E+03	 1.098800049E+03
 1.506074999E+03	 1.086000000E+03
 1.506593437E+03	 1.092199951E+03
 1.507111821E+03	 1.104199951E+03
 1.507630150E+03	 1.103400024E+03
 1.508148425E+03	 1.078000000E+03
 1.508666645E+03	 1.102599976E+03
 1.509184810E+03	 1.096000000E+03
 1.509702921E+03	 1.093599976E+03
 1.510220977E+03	 1.104800049E+03
 1.510738979E+03	 1.103800049E+03
 1.511256925E+03	 1.092800049E+03
 1.511774817E+03	 1.106000000E+03
 1.512292655E+03	 1.098599976E+03
 1.512810438E+03	 1.098400024E+03
 1.513328166E+03	 1.097800049E+03
 1.513845840E+03	 1.085400024E+03
 1.514363459E+03	 1.088800049E+03
 1.514881023E+03	 1.088400024E+03
 1.515398533E+03	 1.088000000E+03
 1.515915988E+03	 1.092800049E+03
 1.516433389E+03	 1.098599976E+03
 1.516950734E+03	 1.089000000E+03
 1.517468026E+03	 1.087199951E+03
 1.517985263E+03	 1.093400024E+03
 1.518502445E+03	 1.083000000E+03
 1.519019572E+03	 1.086199951E+03
 1.519536645E+03	 1.081599976E+03
 1.520053664E+03	 1.095000000E+03
 1.520570628E+03	 1.091199951E+03
 1.521087537E+03	 1.077000000E+03
 1.521604392E+03	 1.092199951E+03
 1.522121192E+03	 1.082599976E+03
 1.522637937E+03	 1.092400024E+03
 1.523154628E+03	 1.070599976E+03
 1.523671265E+03	 1.086400024E+03
 1.524187847E+03	 1.089199951E+03
 1.524704374E+03	 1.082400024E+03
 1.525220847E+03	 1.077000000E+03
 1.525737265E+03	 1.082400024E+03
 1.526253629E+03	 1.077000000E+03
 1.526769938E+03	 1.082800049E+03
 1.527286192E+03	 1.074199951E+03
 1.527802392E+03	 1.083000000E+03
 1.528318538E+03	 1.074800049E+03
 1.528834629E+03	 1.094400024E+03
 1.529350666E+03	 1.075800049E+03
 1.529866648E+03	 1.077000000E+03
 1.530382575E+03	 1.083400024E+03
 1.530898448E+03	 1.075400024E+03
 1.531414266E+03	 1.075199951E+03
 1.531930030E+03	 1.063199951E+03
 1.532445740E+03	 1.087800049E+03
 1.532961395E+03	 1.082599976E+03
 1.533476995E+03	 1.078599976E+03
 1.533992541E+03	 1.070800049E+03
 1.534508033E+03	 1.075599976E+03
 1.535023470E+03	 1.078000000E+03
 1.535538852E+03	 1.079800049E+03
 1.536054180E+03	 1.064199951E+03
 1.536569454E+03	 1.073800049E+03
 1.537084673E+03	 1.064199951E+03
 1.537599837E+03	 1.074800049E+03
 1.538114947E+03	 1.068000000E+03
 1.538630003E+03	 1.067800049E+03
 1.539145004E+03	 1.072199951E+03
 1.539659951E+03	 1.077000000E+03
 1.540174843E+03	 1.077199951E+03
 1.540689681E+03	 1.069800049E+03
 1.541204465E+03	 1.069800049E+03
 1.541719194E+03	 1.062400024E+03
 1.542233868E+03	 1.050000000E+03
 1.542748488E+03	 1.060199951E+03
 1.543263054E+03	 1.065000000E+03
 1.543777565E+03	 1.063000000E+03
 1.544292022E+03	 1.075800049E+03
 1.544806424E+03	 1.070000000E+03
 1.545320772E+03	 1.064400024E+03
 1.545835066E+03	 1.062000000E+03
 1.546349305E+03	 1.075000000E+03
 1.546863489E+03	 1.068199951E+03
 1.547377620E+03	 1.068199951E+03
 1.547891696E+03	 1.070000000E+03
 1.548405717E+03	 1.064199951E+03
 1.548919684E+03	 1.059599976E+03
 1.549433597E+03	 1.066599976E+03
 1.549947455E+03	 1.064599976E+03
 1.550461259E+03	 1.059000000E+03
 1.550975009E+03	 1.058199951E+03
 1.551488704E+03	 1.060400024E+03
 1.552002345E+03	 1.048599976E+03
 1.552515931E+03	 1.059199951E+03
 1.553029463E+03	 1.061800049E+03
 1.553542941E+03	 1.073800049E+03
 1.554056364E+03	 1.062400024E+03
 1.554569733E+03	 1.056000000E+03
 1.555083048E+03	 1.054800049E+03
 1.555596308E+03	 1.054800049E+03
 1.556109514E+03	 1.057400024E+03
 1.556622665E+03	 1.047199951E+03
 1.557135762E+03	 1.056400024E+03
 1.557648805E+03	 1.055199951E+03
 1.558161794E+03	 1.053199951E+03
 1.558674728E+03	 1.054199951E+03
 1.559187608E+03	 1.064599976E+03
 1.559700433E+03	 1.051199951E+03
 1.560213205E+03	 1.049800049E+03
 1.560725921E+03	 1.063000000E+03
 1.561238584E+03	 1.043400024E+03
 1.561751192E+03	 1.054000000E+03
 1.562263746E+03	 1.062599976E+03
 1.562776246E+03	 1.046199951E+03
 1.563288691E+03	 1.044599976E+03
 1.563801082E+03	 1.062599976E+03
 1.564313419E+03	 1.055000000E+03
 1.564825701E+03	 1.058000000E+03
 1.565337929E+03	 1.057400024E+03
 1.565850103E+03	 1.049599976E+03
 1.566362223E+03	 1.051599976E+03
 1.566874288E+03	 1.034599976E+03
 1.567386299E+03	 1.065599976E+03
 1.567898256E+03	 1.040400024E+03
 1.568410158E+03	 1.053800049E+03
 1.568922007E+03	 1.049199951E+03
 1.569433800E+03	 1.046400024E+03
 1.569945540E+03	 1.043800049E+03
 1.570457226E+03	 1.051400024E+03
 1.570968857E+03	 1.040400024E+03
 1.571480434E+03	 1.053400024E+03
 1.571991956E+03	 1.046599976E+03
 1.572503425E+03	 1.049599976E+03
 1.573014839E+03	 1.046400024E+03
 1.573526199E+03	 1.043800049E+03
 1.574037505E+03	 1.048199951E+03
 1.574548756E+03	 1.041599976E+03
 1.575059953E+03	 1.045400024E+03
 1.575571096E+03	 1.049400024E+03
 1.576082185E+03	 1.042800049E+03
 1.576593220E+03	 1.045000000E+03
 1.577104200E+03	 1.040000000E+03
 1.577615126E+03	 1.047599976E+03
 1.578125998E+03	 1.043400024E+03
 1.578636816E+03	 1.049199951E+03
 1.579147580E+03	 1.050400024E+03
 1.579658289E+03	 1.046400024E+03
 1.580168944E+03	 1.041000000E+03
 1.580679545E+03	 1.050000000E+03
 1.581190092E+03	 1.046800049E+03
 1.581700585E+03	 1.043400024E+03
 1.582211023E+03	 1.041199951E+03
 1.582721407E+03	 1.041800049E+03
 1.583231737E+03	 1.046400024E+03
 1.583742013E+03	 1.037199951E+03
 1.584252235E+03	 1.039400024E+03
 1.584762403E+03	 1.049000000E+03
 1.585272516E+03	 1.039599976E+03
 1.585782575E+03	 1.047199951E+03
 1.586292581E+03	 1.050199951E+03
 1.586802532E+03	 1.045599976E+03
 1.587312428E+03	 1.043400024E+03
 1.587822271E+03	 1.050400024E+03
 1.588332060E+03	 1.045199951E+03
 1.588841794E+03	 1.047000000E+03
 1.589351474E+03	 1.042400024E+03
 1.589861100E+03	 1.044000000E+03
 1.590370672E+03	 1.051400024E+03
 1.590880190E+03	 1.045599976E+03
 1.591389654E+03	 1.047000000E+03
 1.591899064E+03	 1.043000000E+03
 1.592408419E+03	 1.041400024E+03
