1043.018714	2617.399902
1043.585098	2621.399902
1044.151424	2611.399902
1044.717692	2621.399902
1045.283903	2582.600098
1045.850056	2605.600098
1046.416151	2591.0
1046.982188	2572.600098
1047.548167	2617.0
1048.114089	2595.600098
1048.679953	2588.0
1049.24576	2605.199951
1049.811509	2620.199951
1050.3772	2581.0
1050.942833	2575.199951
1051.508408	2584.399902
1052.073926	2585.800049
1052.639387	2598.0
1053.204789	2605.600098
1053.770134	2596.600098
1054.335421	2576.600098
1054.900651	2593.0
1055.465823	2545.0
1056.030937	2604.199951
1056.595993	2589.800049
1057.160992	2597.399902
1057.725934	2575.199951
1058.290817	2556.0
1058.855643	2572.199951
1059.420411	2567.399902
1059.985122	2568.600098
1060.549775	2569.199951
1061.114371	2556.0
1061.678908	2593.399902
1062.243389	2553.600098
1062.807811	2570.800049
1063.372176	2555.600098
1063.936483	2582.600098
1064.500733	2537.399902
1065.064925	2561.600098
1065.62906	2551.600098
1066.193137	2575.399902
1066.757156	2557.199951
1067.321118	2558.199951
1067.885022	2544.399902
1068.448869	2576.199951
1069.012658	2539.399902
1069.57639	2551.600098
1070.140063	2543.399902
1070.70368	2562.600098
1071.267239	2542.399902
1071.83074	2561.600098
1072.394184	2524.600098
1072.95757	2552.600098
1073.520899	2524.600098
1074.08417	2533.600098
1074.647383	2511.800049
1075.21054	2545.600098
1075.773638	2543.399902
1076.336679	2559.199951
1076.899663	2521.800049
1077.462589	2545.0
1078.025457	2519.199951
1078.588268	2527.0
1079.151022	2519.399902
1079.713718	2541.399902
1080.276356	2503.600098
1080.838937	2513.0
1081.401461	2529.199951
1081.963927	2522.199951
1082.526336	2499.199951
1083.088687	2511.399902
1083.650981	2507.600098
1084.213217	2497.399902
1084.775396	2473.800049
1085.337517	2525.399902
1085.899581	2475.800049
1086.461587	2497.800049
1087.023536	2485.399902
1087.585428	2500.600098
1088.147262	2478.0
1088.709039	2485.0
1089.270758	2459.600098
1089.83242	2471.399902
1090.394024	2475.0
1090.955571	2485.0
1091.517061	2487.0
1092.078493	2476.0
1092.639868	2452.399902
1093.201185	2469.399902
1093.762445	2480.399902
1094.323648	2493.399902
1094.884793	2484.0
1095.445881	2452.399902
1096.006911	2440.800049
1096.567884	2477.0
1097.1288	2444.600098
1097.689659	2475.399902
1098.25046	2437.0
1098.811203	2467.0
1099.37189	2432.199951
1099.932518	2448.199951
1100.49309	2438.800049
1101.053604	2438.600098
1101.614061	2424.800049
1102.174461	2448.399902
1102.734803	2422.399902
1103.295088	2438.600098
1103.855316	2438.199951
1104.415486	2450.0
1104.975599	2415.800049
1105.535655	2431.199951
1106.095653	2424.600098
1106.655594	2405.199951
1107.215478	2415.600098
1107.775305	2409.399902
1108.335074	2396.800049
1108.894786	2422.800049
1109.45444	2397.0
1110.014038	2419.399902
1110.573578	2423.199951
1111.133061	2391.199951
1111.692486	2395.800049
1112.251854	2392.199951
1112.811165	2410.399902
1113.370419	2404.199951
1113.929616	2394.800049
1114.488755	2406.600098
1115.047837	2396.800049
1115.606862	2385.199951
1116.16583	2377.199951
1116.72474	2397.600098
1117.283593	2380.199951
1117.842389	2381.399902
1118.401128	2400.0
1118.959809	2390.199951
1119.518433	2353.399902
1120.077	2397.800049
1120.63551	2352.800049
1121.193963	2399.0
1121.752358	2390.199951
1122.310697	2397.399902
1122.868978	2375.600098
1123.427202	2368.600098
1123.985368	2363.199951
1124.543478	2377.600098
1125.10153	2368.0
1125.659526	2360.600098
1126.217464	2356.800049
1126.775345	2371.0
1127.333168	2349.600098
1127.890935	2361.399902
1128.448644	2357.800049
1129.006297	2388.600098
1129.563892	2370.800049
1130.12143	2386.399902
1130.678911	2359.0
1131.236335	2359.600098
1131.793701	2363.399902
1132.351011	2388.800049
1132.908263	2339.199951
1133.465458	2378.399902
1134.022597	2357.0
1134.579678	2362.600098
1135.136702	2351.399902
1135.693669	2358.600098
1136.250578	2339.800049
1136.807431	2352.0
1137.364227	2357.600098
1137.920965	2359.399902
1138.477647	2352.399902
1139.034271	2344.0
1139.590839	2356.199951
1140.147349	2357.199951
1140.703802	2323.199951
1141.260198	2336.199951
1141.816537	2354.600098
1142.37282	2333.399902
1142.929045	2356.199951
1143.485213	2334.600098
1144.041323	2323.800049
1144.597377	2326.0
1145.153374	2354.800049
1145.709314	2324.199951
1146.265197	2338.199951
1146.821023	2324.600098
1147.376792	2343.399902
1147.932503	2344.399902
1148.488158	2339.199951
1149.043756	2338.399902
1149.599297	2327.0
1150.154781	2326.199951
1150.710207	2319.0
1151.265577	2319.399902
1151.82089	2341.800049
1152.376146	2327.600098
1152.931345	2319.600098
1153.486487	2331.800049
1154.041572	2316.399902
1154.5966	2310.399902
1155.151571	2346.800049
1155.706485	2341.0
1156.261342	2340.0
1156.816142	2328.0
1157.370885	2316.399902
1157.925572	2354.800049
1158.480201	2331.800049
1159.034774	2323.800049
1159.589289	2332.0
1160.143748	2338.0
1160.698149	2319.0
1161.252494	2303.800049
1161.806782	2316.0
1162.361013	2312.800049
1162.915187	2316.800049
1163.469304	2315.199951
1164.023364	2322.0
1164.577368	2300.399902
1165.131314	2311.199951
1165.685204	2304.0
1166.239036	2312.399902
1166.792812	2303.600098
1167.346531	2326.199951
1167.900193	2315.399902
1168.453798	2307.0
1169.007347	2288.600098
1169.560838	2312.199951
1170.114273	2309.199951
1170.66765	2274.0
1171.220971	2302.0
1171.774235	2308.0
1172.327443	2278.199951
1172.880593	2307.199951
1173.433687	2296.399902
1173.986723	2301.399902
1174.539703	2299.600098
1175.092626	2312.800049
1175.645493	2308.800049
1176.198302	2306.0
1176.751055	2281.0
1177.303751	2302.0
1177.85639	2266.800049
1178.408972	2289.0
1178.961498	2294.800049
1179.513966	2283.0
1180.066378	2281.600098
1180.618733	2277.0
1181.171032	2295.0
1181.723273	2284.800049
1182.275458	2260.399902
1182.827586	2292.800049
1183.379657	2282.800049
1183.931672	2282.0
1184.48363	2303.0
1185.035531	2262.399902
1185.587375	2259.800049
1186.139162	2289.199951
1186.690893	2282.0
1187.242567	2261.800049
1187.794184	2295.399902
1188.345745	2271.600098
1188.897249	2294.800049
1189.448696	2271.600098
1190.000086	2283.600098
1190.55142	2271.199951
1191.102697	2262.399902
1191.653918	2255.800049
1192.205081	2276.0
1192.756188	2256.0
1193.307238	2261.800049
1193.858232	2244.800049
1194.409169	2249.800049
1194.960049	2238.0
1195.510872	2266.399902
1196.061639	2242.600098
1196.612349	2250.199951
1197.163003	2243.399902
1197.713599	2229.800049
1198.264139	2256.600098
1198.814623	2264.399902
1199.36505	2234.399902
1199.91542	2255.800049
1200.465734	2235.0
1201.01599	2239.600098
1201.566191	2227.0
1202.116334	2230.0
1202.666421	2211.0
1203.216452	2230.399902
1203.766425	2228.399902
1204.316343	2222.199951
1204.866203	2237.199951
1205.416007	2225.0
1205.965754	2231.199951
1206.515445	2204.800049
1207.065079	2243.0
1207.614657	2241.600098
1208.164177	2219.399902
1208.713642	2230.399902
1209.26305	2218.600098
1209.812401	2227.0
1210.361695	2203.199951
1210.910933	2225.199951
1211.460115	2211.399902
1212.00924	2205.600098
1212.558308	2216.0
1213.10732	2215.399902
1213.656275	2233.199951
1214.205174	2202.600098
1214.754016	2198.0
1215.302801	2226.0
1215.85153	2217.600098
1216.400203	2202.199951
1216.948819	2199.600098
1217.497378	2198.0
1218.045881	2214.199951
1218.594327	2212.800049
1219.142717	2207.0
1219.691051	2193.399902
1220.239327	2183.199951
1220.787548	2167.0
1221.335712	2214.800049
1221.883819	2190.600098
1222.43187	2190.800049
1222.979864	2200.800049
1223.527802	2180.0
1224.075683	2183.0
1224.623508	2176.600098
1225.171277	2165.0
1225.718989	2196.0
1226.266644	2182.800049
1226.814243	2174.0
1227.361786	2181.199951
1227.909272	2185.199951
1228.456702	2190.600098
1229.004075	2189.199951
1229.551392	2164.600098
1230.098652	2176.600098
1230.645856	2177.199951
1231.193003	2180.600098
1231.740094	2163.600098
1232.287129	2177.199951
1232.834107	2166.600098
1233.381029	2170.800049
1233.927894	2157.0
1234.474703	2174.800049
1235.021455	2151.199951
1235.568151	2179.199951
1236.114791	2154.800049
1236.661374	2158.0
1237.207901	2157.800049
1237.754372	2180.0
1238.300786	2149.600098
1238.847144	2156.0
1239.393445	2165.600098
1239.93969	2146.800049
1240.485879	2162.199951
1241.032011	2154.0
1241.578087	2142.399902
1242.124106	2149.0
1242.67007	2162.0
1243.215976	2151.199951
1243.761827	2133.0
1244.307621	2134.800049
1244.853359	2150.0
1245.39904	2158.199951
1245.944665	2159.800049
1246.490234	2128.600098
1247.035746	2149.0
1247.581203	2151.0
1248.126602	2125.800049
1248.671946	2147.199951
1249.217233	2132.399902
1249.762464	2124.0
1250.307638	2139.800049
1250.852757	2134.399902
1251.397819	2136.600098
1251.942824	2126.399902
1252.487774	2126.600098
1253.032667	2099.399902
1253.577503	2127.800049
1254.122284	2122.600098
1254.667008	2118.199951
1255.211676	2112.199951
1255.756288	2130.800049
1256.300843	2120.199951
1256.845342	2119.399902
1257.389785	2094.399902
1257.934172	2136.0
1258.478502	2112.600098
1259.022776	2107.800049
1259.566994	2125.0
1260.111156	2120.800049
1260.655261	2100.600098
1261.199311	2119.0
1261.743304	2092.399902
1262.28724	2080.800049
1262.831121	2098.600098
1263.374945	2099.199951
1263.918713	2106.800049
1264.462425	2119.399902
1265.006081	2114.800049
1265.54968	2122.199951
1266.093223	2150.0
1266.636711	2119.800049
1267.180141	2091.0
1267.723516	2122.600098
1268.266835	2104.199951
1268.810097	2090.199951
1269.353303	2098.600098
1269.896453	2115.600098
1270.439547	2094.0
1270.982584	2081.399902
1271.525566	2112.0
1272.068491	2077.399902
1272.61136	2103.399902
1273.154173	2081.0
1273.69693	2076.399902
1274.239631	2093.800049
1274.782275	2082.199951
1275.324864	2095.800049
1275.867396	2068.600098
1276.409872	2104.199951
1276.952292	2082.199951
1277.494656	2061.0
1278.036964	2078.199951
1278.579215	2070.800049
1279.121411	2076.0
1279.66355	2074.199951
1280.205634	2060.399902
1280.747661	2065.0
1281.289632	2078.0
1281.831547	2065.800049
1282.373406	2071.800049
1282.915209	2060.0
1283.456955	2067.600098
1283.998646	2071.199951
1284.540281	2066.600098
1285.081859	2092.800049
1285.623381	2196.800049
1286.164848	2681.399902
1286.706258	2499.600098
1287.247612	2128.0
1287.788911	2098.600098
1288.330153	2066.0
1288.871339	2058.0
1289.412469	2067.800049
1289.953543	2062.399902
1290.494561	2061.199951
1291.035523	2054.0
1291.576428	2062.600098
1292.117278	2049.399902
1292.658072	2036.0
1293.19881	2047.400024
1293.739492	2039.199951
1294.280118	2054.800049
1294.820687	2025.599976
1295.361201	2056.800049
1295.901659	2037.800049
1296.442061	2053.0
1296.982406	2044.599976
1297.522696	2045.199951
1298.06293	2023.599976
1298.603108	2038.0
1299.143229	2028.199951
1299.683295	2043.599976
1300.223305	2034.199951
1300.763259	2053.399902
1301.303157	2028.599976
1301.842999	2036.800049
1302.382785	2018.800049
1302.922515	2051.199951
1303.462189	2025.0
1304.001807	2032.400024
1304.541369	2012.0
1305.080875	2040.800049
1305.620326	2024.800049
1306.15972	2024.599976
1306.699058	2016.800049
1307.238341	2044.599976
1307.777567	2036.800049
1308.316738	2003.800049
1308.855853	2025.800049
1309.394912	2024.400024
1309.933915	2028.0
1310.472862	2001.599976
1311.011753	2028.800049
1311.550588	2005.199951
1312.089367	2034.800049
1312.62809	2023.400024
1313.166758	2001.199951
1313.70537	2018.400024
1314.243925	2026.199951
1314.782425	2009.599976
1315.320869	2021.199951
1315.859257	2025.199951
1316.397589	2001.199951
1316.935866	2004.599976
1317.474086	2032.400024
1318.012251	2001.599976
1318.55036	2017.199951
1319.088413	1990.599976
1319.62641	2003.400024
1320.164351	2015.0
1320.702236	2184.800049
1321.777839	2234.199951
1322.315557	2219.800049
1322.853219	2168.199951
1323.390826	2148.0
1324.465871	2018.199951
1325.003309	1986.800049
1325.540692	1993.199951
1326.07802	1988.800049
1326.615291	2003.0
1327.152506	1982.800049
1327.689666	1994.400024
1328.22677	1967.599976
1328.763818	1982.800049
1329.300811	2005.400024
1329.837747	1984.599976
1330.374628	1989.400024
1330.911453	1980.199951
1331.448222	1989.599976
1331.984936	1963.0
1332.521594	1984.0
1333.058196	1977.0
1333.594742	2002.400024
1334.131232	1963.0
1334.667667	1983.599976
1335.204046	1970.199951
1335.740369	1983.800049
1336.276637	1961.599976
1336.812848	1970.0
1337.349004	1976.0
1337.885105	1976.199951
1338.421149	2003.199951
1338.957138	1974.199951
1339.493071	1985.800049
1340.028949	1974.800049
1340.56477	1963.0
1341.100536	1972.599976
1341.636246	1959.599976
1342.171901	1966.0
1342.7075	1970.199951
1343.243043	1965.199951
1343.77853	1967.800049
1344.313962	1945.199951
1344.849338	1965.400024
1345.384659	1933.599976
1345.919923	1962.400024
1346.455133	1977.400024
1346.990286	1983.400024
1347.525384	1950.800049
1348.060426	1970.0
1348.595412	1929.199951
1349.130343	1947.199951
1349.665218	1945.400024
1350.200037	1961.800049
1350.734801	1945.199951
1351.269509	1950.800049
1351.804162	1943.0
1352.338758	1958.199951
1352.8733	1927.400024
1353.407785	1953.800049
1353.942215	1947.0
1354.476589	1940.0
1355.010908	1937.800049
1355.545171	1921.800049
1356.079379	1943.400024
1356.61353	1944.400024
1357.147627	1940.0
1357.681667	1910.800049
1358.215652	1947.599976
1358.749582	1924.800049
1359.283456	1945.800049
1359.817274	1910.599976
1360.351037	1945.599976
1360.884744	1926.400024
1361.418395	1911.400024
1361.951991	1921.199951
1362.485531	1923.0
1363.019016	1905.0
1363.552445	1921.400024
1364.085819	1919.800049
1364.619137	1916.400024
1365.1524	1924.599976
1365.685607	1921.800049
1366.218758	1937.199951
1366.751854	1938.0
1367.284894	1923.0
1367.817879	1906.199951
1368.350808	1924.599976
1368.883682	1903.199951
1369.4165	1888.199951
1369.949263	1891.0
1370.48197	1908.800049
1371.014622	1915.599976
1371.547218	1925.599976
1372.079758	1910.599976
1372.612244	1893.0
1373.144673	1899.199951
1373.677047	1887.0
1374.209366	1907.0
1374.741629	1910.800049
1375.273836	1900.199951
1375.805989	1894.199951
1376.338085	1908.800049
1376.870126	1883.0
1377.402112	1916.400024
1377.934042	1903.800049
1378.465917	1893.400024
1378.997736	1894.199951
1379.5295	1889.599976
1380.061208	1922.0
1380.592861	1883.400024
1381.124459	1892.599976
1381.656	1890.800049
1382.187487	1894.599976
1382.718918	1876.599976
1383.250294	1893.599976
1383.781614	1887.199951
1384.312879	1891.599976
1384.844088	1860.400024
1385.375242	1899.800049
1385.90634	1886.800049
1386.437383	1902.599976
1386.968371	1885.199951
1387.499303	1884.0
1388.03018	1892.599976
1388.561001	1958.0
1389.091767	2610.600098
1389.622478	2775.199951
1390.153133	2008.800049
1390.683733	1902.400024
1391.214277	1895.199951
1391.744766	1882.800049
1392.2752	1864.0
1392.805578	1884.599976
1393.335901	1874.599976
1393.866168	1887.800049
1394.396381	1899.800049
1394.926537	1865.199951
1395.456639	1865.599976
1395.986685	1878.199951
1396.516675	1881.0
1397.046611	1864.400024
1397.576491	1883.800049
1398.106315	1879.800049
1398.636084	1876.800049
1399.165798	1877.599976
1399.695457	1874.199951
1400.22506	1881.400024
1400.754608	1857.400024
1401.284101	1866.400024
1401.813538	1870.599976
1402.34292	1865.800049
1402.872247	1851.800049
1403.401518	1882.0
1403.930734	1862.199951
1404.459895	1859.400024
1404.989	1846.800049
1405.51805	1865.800049
1406.047045	1859.199951
1406.575984	1846.800049
1407.104869	1854.0
1407.633697	1844.0
1408.162471	1854.400024
1408.691189	1858.800049
1409.219852	1865.400024
1409.74846	1861.599976
1410.277013	1922.199951
1410.80551	1959.0
1411.333952	1884.400024
1411.862339	1852.599976
1412.39067	1849.0
1412.918946	1843.199951
1413.447167	1855.400024
1413.975333	1851.599976
1414.503444	1863.800049
1415.031499	1862.599976
1415.559499	1868.0
1416.087444	1850.0
1416.615333	1838.199951
1417.143167	1850.400024
1417.670947	1851.0
1418.19867	1851.199951
1418.726339	1840.199951
1419.253952	1858.800049
1419.781511	1832.599976
1420.309014	1830.199951
1420.836461	1826.800049
1421.363854	1840.199951
1421.891191	1823.400024
1422.418474	1842.800049
1422.945701	1852.199951
1423.472872	1849.599976
1423.999989	1833.599976
1424.52705	1845.199951
1425.054057	1844.0
1425.581008	1859.800049
1426.107904	1844.599976
1426.634745	1827.0
1427.16153	1830.199951
1427.688261	1834.800049
1428.214936	1841.0
1428.741556	1847.599976
1429.268121	1842.599976
1429.794631	1829.0
1430.321085	1839.199951
1430.847485	1814.400024
1431.373829	1808.800049
1431.900118	1820.800049
1432.426353	1834.599976
1432.952532	1825.199951
1433.478655	1830.599976
1434.004724	1819.400024
1434.530738	1826.0
1435.056696	1844.599976
1435.5826	1797.800049
1436.108448	1821.400024
1436.634241	1835.599976
1437.159979	1801.400024
1437.685662	1838.599976
1438.21129	1792.800049
1438.736863	1827.199951
1439.262381	1813.400024
1439.787843	1831.0
1440.313251	1823.599976
1440.838603	1825.800049
1441.3639	1819.199951
1441.889143	1824.800049
1442.41433	1816.199951
1442.939462	1807.599976
1443.464539	1828.599976
1443.989561	1819.400024
1444.514528	1810.400024
1445.03944	1807.800049
1445.564297	1810.800049
1446.089099	1797.599976
1446.613846	1812.199951
1447.138537	1790.199951
1447.663174	1815.599976
1448.187756	1803.599976
1448.712282	1817.0
1449.236754	1804.199951
1449.761171	1802.800049
1450.285532	1793.400024
1450.809839	1812.199951
1451.33409	1799.800049
1451.858287	1784.199951
1452.382428	1800.599976
1452.906515	1790.800049
1453.430546	1807.0
1453.954523	1799.199951
1454.478444	1784.800049
1455.002311	1802.599976
1455.526123	1788.599976
1456.049879	1795.400024
1456.573581	1785.199951
1457.097227	1800.599976
1457.620819	1788.599976
1458.144356	1787.400024
1458.667837	1772.800049
1459.191264	1802.0
1459.714636	1786.800049
1460.237952	1787.199951
1460.761214	1783.599976
1461.284421	1779.199951
1461.807573	1790.0
1462.33067	1801.800049
1462.853712	1817.599976
1463.376699	1786.800049
1463.899632	1790.800049
1464.422509	1793.800049
1464.945331	1788.800049
1465.468099	1771.0
1465.990811	1784.599976
1466.513469	1781.0
1467.036071	1784.199951
1467.558619	1776.400024
1468.081112	1776.0
1468.60355	1780.599976
1469.125933	1789.199951
1469.648261	1793.0
1470.170534	1773.0
1470.692752	1784.0
1471.214916	1766.800049
1471.737024	1778.400024
1472.259078	1767.0
1472.781077	1782.199951
1473.303021	1763.199951
1473.82491	1780.599976
1474.346744	1791.0
1474.868523	1775.199951
1475.390248	1765.400024
1475.911917	1758.0
1476.433532	1755.400024
1476.955092	1773.199951
1477.476597	1770.599976
1477.998047	1752.400024
1478.519442	1770.800049
1479.040783	1765.800049
1479.562068	1786.599976
1480.083299	1752.599976
1480.604475	1759.800049
1481.125596	1762.400024
1481.646663	1752.599976
1482.167674	1774.199951
1482.688631	1758.800049
1483.209533	1753.0
1483.73038	1756.0
1484.251172	1782.199951
1484.771909	1760.199951
1485.292592	1770.0
1485.81322	1762.800049
1486.333793	1752.400024
1486.854311	1751.199951
1487.374775	1751.199951
1487.895183	1766.400024
1488.415537	1750.599976
1488.935836	1744.800049
1489.456081	1770.199951
1489.97627	1759.0
1490.496405	1746.400024
1491.016485	1742.0
1491.536511	1745.800049
1492.056481	1748.400024
1492.576397	1740.599976
1493.096258	1737.400024
1493.616064	1749.0
1494.135816	1740.800049
1494.655513	1756.599976
1495.175155	1751.400024
1495.694742	1741.0
1496.214274	1744.599976
1496.733752	1740.800049
1497.253175	1739.400024
1497.772544	1741.0
1498.291858	1724.800049
1498.811116	1715.0
1499.330321	1743.199951
1499.84947	1732.199951
1500.368565	1734.0
1500.887605	1748.199951
1501.406591	1718.599976
1501.925521	1734.800049
1502.444397	1731.800049
1502.963219	1737.599976
1503.481985	1732.400024
1504.000697	1731.0
1504.519355	1737.800049
1505.037957	1719.599976
1505.556505	1726.0
1506.074999	1729.599976
1506.593437	1733.400024
1507.111821	1733.0
1507.63015	1728.599976
1508.148425	1730.599976
1508.666645	1718.0
1509.18481	1717.400024
1509.702921	1722.0
1510.220977	1736.199951
1510.738979	1744.0
1511.256925	1725.400024
1511.774817	1720.400024
1512.292655	1724.800049
1512.810438	1707.400024
1513.328166	1711.199951
1513.84584	1707.199951
1514.363459	1719.599976
1514.881023	1707.0
1515.398533	1727.599976
1515.915988	1731.0
1516.433389	1721.800049
1516.950734	1705.400024
1517.468026	1725.0
1517.985263	1712.400024
1518.502445	1716.199951
1519.019572	1715.199951
1519.536645	1720.0
1520.053664	1702.0
1520.570628	1711.800049
1521.087537	1711.199951
1521.604392	1717.199951
1522.121192	1714.599976
1522.637937	1708.199951
1523.154628	1710.800049
1523.671265	1707.599976
1524.187847	1682.599976
1524.704374	1710.800049
1525.220847	1711.0
1525.737265	1700.800049
1526.253629	1713.0
1526.769938	1690.199951
1527.286192	1695.599976
1527.802392	1708.199951
1528.318538	1698.800049
1528.834629	1707.599976
1529.350666	1701.400024
1529.866648	1708.599976
1530.382575	1711.199951
1530.898448	1694.599976
1531.414266	1713.0
1531.93003	1689.0
1532.44574	1691.800049
1532.961395	1684.199951
1533.476995	1696.599976
1533.992541	1709.599976
1534.508033	1676.599976
1535.02347	1706.199951
1535.538852	1695.800049
1536.05418	1717.800049
1536.569454	1691.599976
1537.084673	1706.199951
1537.599837	1677.800049
1538.114947	1681.800049
1538.630003	1701.800049
1539.145004	1680.199951
1539.659951	1702.599976
1540.174843	1696.199951
1540.689681	1697.400024
1541.204465	1687.400024
1541.719194	1683.199951
1542.233868	1688.599976
1542.748488	1693.199951
1543.263054	1695.400024
1543.777565	1680.599976
1544.292022	1681.400024
1544.806424	1686.599976
1545.320772	1695.400024
1545.835066	1683.199951
1546.349305	1683.400024
1546.863489	1679.400024
1547.37762	1689.0
1547.891696	1682.0
1548.405717	1699.199951
1548.919684	1698.800049
1549.433597	1688.199951
1549.947455	1698.599976
1550.461259	1691.400024
1550.975009	1666.0
1551.488704	1686.800049
1552.002345	1691.800049
1552.515931	1696.400024
1553.029463	1679.599976
1553.542941	1672.800049
1554.056364	1681.599976
1554.569733	1678.400024
1555.083048	1693.599976
1555.596308	1663.400024
1556.109514	1689.400024
1556.622665	1670.400024
1557.135762	1679.199951
1557.648805	1664.0
1558.161794	1689.199951
1558.674728	1699.0
1559.187608	1685.800049
1559.700433	1686.199951
1560.213205	1671.599976
1560.725921	1670.599976
1561.238584	1669.800049
1561.751192	1670.0
1562.263746	1675.599976
1562.776246	1680.800049
1563.288691	1677.599976
1563.801082	1677.0
1564.313419	1661.800049
1564.825701	1644.400024
1565.337929	1691.199951
1565.850103	1667.800049
1566.362223	1685.400024
1566.874288	1666.800049
1567.386299	1681.599976
1567.898256	1670.400024
1568.410158	1681.800049
1568.922007	1661.400024
1569.4338	1661.199951
1569.94554	1676.199951
1570.457226	1682.599976
1570.968857	1681.0
1571.480434	1659.199951
1571.991956	1679.599976
1572.503425	1671.400024
1573.014839	1669.400024
1573.526199	1677.800049
1574.037505	1658.599976
1574.548756	1675.599976
1575.059953	1652.400024
1575.571096	1664.400024
1576.082185	1669.599976
1576.59322	1670.599976
1577.1042	1662.599976
1577.615126	1678.800049
1578.125998	1668.0
1578.636816	1664.0
1579.14758	1670.400024
1579.658289	1661.199951
1580.168944	1667.400024
1580.679545	1676.599976
1581.190092	1649.599976
1581.700585	1638.800049
1582.211023	1668.400024
1582.721407	1644.199951
1583.231737	1668.199951
1583.742013	1657.400024
1584.252235	1647.400024
1584.762403	1665.0
1585.272516	1649.400024
1585.782575	1654.400024
1586.292581	1653.599976
1586.802532	1665.400024
1587.312428	1659.199951
1587.822271	1667.0
1588.33206	1660.400024
1588.841794	1671.400024
1589.351474	1656.400024
1589.8611	1662.800049
1590.370672	1647.400024
1590.88019	1657.0
1591.389654	1656.800049
1591.899064	1665.0
1592.408419	1662.199951
