1043.018714	3371.0
1043.585098	3397.199951
1044.151424	3382.800049
1044.717692	3366.0
1045.283903	3396.199951
1045.850056	3379.0
1046.416151	3342.199951
1046.982188	3353.800049
1047.548167	3347.600098
1048.114089	3368.800049
1048.679953	3366.800049
1049.24576	3369.199951
1049.811509	3380.600098
1050.3772	3350.0
1050.942833	3373.800049
1051.508408	3345.399902
1052.073926	3362.600098
1052.639387	3326.800049
1053.204789	3323.0
1053.770134	3341.399902
1054.335421	3330.600098
1054.900651	3335.600098
1055.465823	3343.199951
1056.030937	3345.399902
1056.595993	3345.800049
1057.160992	3333.0
1057.725934	3330.199951
1058.290817	3316.800049
1058.855643	3315.399902
1059.420411	3318.800049
1059.985122	3307.600098
1060.549775	3337.0
1061.114371	3320.600098
1061.678908	3325.600098
1062.243389	3289.800049
1062.807811	3318.0
1063.372176	3296.399902
1063.936483	3311.0
1064.500733	3298.399902
1065.064925	3302.199951
1065.62906	3295.199951
1066.193137	3343.800049
1066.757156	3297.600098
1067.321118	3326.399902
1067.885022	3268.0
1068.448869	3294.0
1069.012658	3283.800049
1069.57639	3281.600098
1070.140063	3251.199951
1070.70368	3298.399902
1071.267239	3285.199951
1071.83074	3287.800049
1072.394184	3246.199951
1072.95757	3268.800049
1073.520899	3253.0
1074.08417	3270.600098
1074.647383	3254.0
1075.21054	3268.600098
1075.773638	3272.800049
1076.336679	3253.0
1076.899663	3262.800049
1077.462589	3274.0
1078.025457	3241.199951
1078.588268	3251.600098
1079.151022	3237.199951
1079.713718	3249.600098
1080.276356	3254.0
1080.838937	3221.0
1081.401461	3230.800049
1081.963927	3237.0
1082.526336	3204.399902
1083.088687	3216.600098
1083.650981	3184.600098
1084.213217	3230.600098
1084.775396	3237.800049
1085.337517	3217.600098
1085.899581	3212.0
1086.461587	3215.399902
1087.023536	3202.399902
1087.585428	3197.600098
1088.147262	3198.399902
1088.709039	3217.0
1089.270758	3197.600098
1089.83242	3185.800049
1090.394024	3191.399902
1090.955571	3184.399902
1091.517061	3162.0
1092.078493	3178.399902
1092.639868	3163.199951
1093.201185	3174.399902
1093.762445	3163.0
1094.323648	3171.800049
1094.884793	3163.0
1095.445881	3184.800049
1096.006911	3160.199951
1096.567884	3173.800049
1097.1288	3137.199951
1097.689659	3149.399902
1098.25046	3146.800049
1098.811203	3175.399902
1099.37189	3147.800049
1099.932518	3145.800049
1100.49309	3128.600098
1101.053604	3131.399902
1101.614061	3084.600098
1102.174461	3122.600098
1102.734803	3124.0
1103.295088	3110.0
1103.855316	3090.399902
1104.415486	3121.600098
1104.975599	3098.199951
1105.535655	3098.600098
1106.095653	3074.800049
1106.655594	3085.399902
1107.215478	3086.800049
1107.775305	3095.800049
1108.335074	3075.399902
1108.894786	3103.600098
1109.45444	3067.399902
1110.014038	3091.600098
1110.573578	3072.800049
1111.133061	3109.0
1111.692486	3045.399902
1112.251854	3072.800049
1112.811165	3045.0
1113.370419	3100.199951
1113.929616	3056.399902
1114.488755	3062.199951
1115.047837	3033.399902
1115.606862	3056.0
1116.16583	3046.199951
1116.72474	3065.800049
1117.283593	3062.0
1117.842389	3068.399902
1118.401128	3032.600098
1118.959809	3063.0
1119.518433	3042.0
1120.077	3065.199951
1120.63551	3036.800049
1121.193963	3072.199951
1121.752358	3043.800049
1122.310697	3065.199951
1122.868978	3022.600098
1123.427202	3047.199951
1123.985368	3015.600098
1124.543478	3051.800049
1125.10153	3031.0
1125.659526	3040.600098
1126.217464	3004.399902
1126.775345	3034.600098
1127.333168	3030.199951
1127.890935	3061.0
1128.448644	3028.399902
1129.006297	3014.399902
1129.563892	3017.399902
1130.12143	3006.600098
1130.678911	3028.199951
1131.236335	3014.399902
1131.793701	3011.0
1132.351011	3042.800049
1132.908263	3014.199951
1133.465458	3024.399902
1134.022597	3009.0
1134.579678	3010.399902
1135.136702	2983.600098
1135.693669	3029.199951
1136.250578	2997.399902
1136.807431	3012.199951
1137.364227	3007.0
1137.920965	3027.399902
1138.477647	2983.199951
1139.034271	2989.800049
1139.590839	2993.800049
1140.147349	2992.600098
1140.703802	3005.0
1141.260198	2984.0
1141.816537	3006.600098
1142.37282	3009.600098
1142.929045	2969.600098
1143.485213	2988.800049
1144.041323	2974.800049
1144.597377	2996.399902
1145.153374	2990.800049
1145.709314	3000.600098
1146.265197	2989.600098
1146.821023	3005.199951
1147.376792	2964.399902
1147.932503	2967.199951
1148.488158	2978.199951
1149.043756	2962.399902
1149.599297	2995.0
1150.154781	2979.399902
1150.710207	2991.600098
1151.265577	2977.199951
1151.82089	2997.0
1152.376146	2976.800049
1152.931345	2995.0
1153.486487	2983.600098
1154.041572	2980.800049
1154.5966	2967.199951
1155.151571	2962.0
1155.706485	2977.199951
1156.261342	2972.399902
1156.816142	2974.199951
1157.370885	2960.600098
1157.925572	2960.800049
1158.480201	2975.0
1159.034774	2953.0
1159.589289	2972.0
1160.143748	2944.0
1160.698149	2979.800049
1161.252494	2937.199951
1161.806782	2965.800049
1162.361013	2986.399902
1162.915187	2967.800049
1163.469304	2934.199951
1164.023364	2959.199951
1164.577368	2933.199951
1165.131314	2943.399902
1165.685204	2930.800049
1166.239036	2960.399902
1166.792812	2939.600098
1167.346531	2962.199951
1167.900193	2957.800049
1168.453798	2933.0
1169.007347	2921.800049
1169.560838	2976.0
1170.114273	2933.399902
1170.66765	2931.0
1171.220971	2901.199951
1171.774235	2974.199951
1172.327443	2941.0
1172.880593	2969.600098
1173.433687	2918.399902
1173.986723	2955.600098
1174.539703	2927.0
1175.092626	2929.199951
1175.645493	2918.399902
1176.198302	2925.0
1176.751055	2888.600098
1177.303751	2941.0
1177.85639	2919.800049
1178.408972	2909.199951
1178.961498	2928.800049
1179.513966	2934.199951
1180.066378	2907.0
1180.618733	2910.0
1181.171032	2888.600098
1181.723273	2926.399902
1182.275458	2913.199951
1182.827586	2908.399902
1183.379657	2898.199951
1183.931672	2888.600098
1184.48363	2900.800049
1185.035531	2895.199951
1185.587375	2880.0
1186.139162	2890.399902
1186.690893	2902.399902
1187.242567	2904.199951
1187.794184	2893.399902
1188.345745	2880.800049
1188.897249	2896.399902
1189.448696	2864.800049
1190.000086	2887.800049
1190.55142	2880.0
1191.102697	2877.800049
1191.653918	2873.399902
1192.205081	2870.399902
1192.756188	2865.800049
1193.307238	2898.399902
1193.858232	2882.0
1194.409169	2846.0
1194.960049	2861.0
1195.510872	2867.399902
1196.061639	2861.199951
1196.612349	2869.800049
1197.163003	2867.600098
1197.713599	2871.399902
1198.264139	2854.800049
1198.814623	2853.0
1199.36505	2854.399902
1199.91542	2853.800049
1200.465734	2839.0
1201.01599	2836.600098
1201.566191	2854.0
1202.116334	2868.199951
1202.666421	2846.199951
1203.216452	2820.600098
1203.766425	2857.0
1204.316343	2861.800049
1204.866203	2822.0
1205.416007	2827.199951
1205.965754	2835.0
1206.515445	2805.800049
1207.065079	2831.199951
1207.614657	2819.399902
1208.164177	2844.199951
1208.713642	2821.800049
1209.26305	2838.600098
1209.812401	2821.600098
1210.361695	2796.399902
1210.910933	2813.399902
1211.460115	2811.0
1212.00924	2808.600098
1212.558308	2812.800049
1213.10732	2809.0
1213.656275	2809.600098
1214.205174	2793.0
1214.754016	2798.800049
1215.302801	2800.199951
1215.85153	2819.199951
1216.400203	2816.600098
1216.948819	2787.600098
1217.497378	2813.0
1218.045881	2791.0
1218.594327	2800.600098
1219.142717	2767.0
1219.691051	2788.199951
1220.239327	2793.600098
1220.787548	2793.399902
1221.335712	2767.0
1221.883819	2805.600098
1222.43187	2782.399902
1222.979864	2778.0
1223.527802	2792.600098
1224.075683	2786.800049
1224.623508	2785.399902
1225.171277	2763.199951
1225.718989	2781.600098
1226.266644	2773.600098
1226.814243	2767.399902
1227.361786	2785.600098
1227.909272	2766.800049
1228.456702	2756.800049
1229.004075	2774.0
1229.551392	2771.399902
1230.098652	2749.399902
1230.645856	2745.800049
1231.193003	2774.0
1231.740094	2739.0
1232.287129	2763.800049
1232.834107	2757.0
1233.381029	2773.0
1233.927894	2755.800049
1234.474703	2750.800049
1235.021455	2740.800049
1235.568151	2744.399902
1236.114791	2755.600098
1236.661374	2739.0
1237.207901	2737.800049
1237.754372	2724.199951
1238.300786	2696.600098
1238.847144	2739.399902
1239.393445	2745.399902
1239.93969	2735.399902
1240.485879	2727.800049
1241.032011	2749.600098
1241.578087	2738.199951
1242.124106	2727.600098
1242.67007	2712.600098
1243.215976	2741.399902
1243.761827	2745.600098
1244.307621	2725.800049
1244.853359	2714.0
1245.39904	2734.800049
1245.944665	2738.800049
1246.490234	2718.600098
1247.035746	2720.600098
1247.581203	2718.0
1248.126602	2718.199951
1248.671946	2704.0
1249.217233	2736.600098
1249.762464	2693.199951
1250.307638	2709.0
1250.852757	2692.600098
1251.397819	2707.800049
1251.942824	2695.600098
1252.487774	2696.0
1253.032667	2695.800049
1253.577503	2692.0
1254.122284	2696.199951
1254.667008	2695.0
1255.211676	2718.399902
1255.756288	2719.800049
1256.300843	2690.399902
1256.845342	2694.199951
1257.389785	2689.600098
1257.934172	2695.399902
1258.478502	2705.600098
1259.022776	2682.399902
1259.566994	2672.399902
1260.111156	2697.199951
1260.655261	2689.199951
1261.199311	2675.199951
1261.743304	2667.600098
1262.28724	2663.0
1262.831121	2669.600098
1263.374945	2686.600098
1263.918713	2683.800049
1264.462425	2677.199951
1265.006081	2700.0
1265.54968	2688.800049
1266.093223	2711.199951
1266.636711	2690.800049
1267.180141	2688.199951
1267.723516	2684.600098
1268.266835	2674.0
1268.810097	2687.399902
1269.353303	2693.600098
1269.896453	2656.600098
1270.439547	2681.199951
1270.982584	2645.800049
1271.525566	2651.0
1272.068491	2668.0
1272.61136	2657.0
1273.154173	2665.199951
1273.69693	2646.199951
1274.239631	2671.800049
1274.782275	2651.399902
1275.324864	2632.0
1275.867396	2662.399902
1276.409872	2667.399902
1276.952292	2652.0
1277.494656	2637.600098
1278.036964	2642.0
1278.579215	2646.0
1279.121411	2658.399902
1279.66355	2618.399902
1280.205634	2639.800049
1280.747661	2635.399902
1281.289632	2624.199951
1281.831547	2634.399902
1282.373406	2636.0
1282.915209	2633.600098
1283.456955	2645.800049
1283.998646	2663.600098
1284.540281	2611.199951
1285.081859	2661.800049
1285.623381	2837.800049
1286.164848	3321.199951
1286.706258	2965.199951
1287.247612	2685.600098
1287.788911	2632.0
1288.330153	2616.399902
1288.871339	2624.600098
1289.412469	2646.0
1289.953543	2625.399902
1290.494561	2611.0
1291.035523	2611.800049
1291.576428	2626.600098
1292.117278	2601.0
1292.658072	2613.399902
1293.19881	2611.0
1293.739492	2613.800049
1294.280118	2599.399902
1294.820687	2602.0
1295.361201	2584.600098
1295.901659	2569.399902
1296.442061	2617.399902
1296.982406	2574.0
1297.522696	2588.399902
1298.06293	2580.600098
1298.603108	2582.0
1299.143229	2594.399902
1299.683295	2604.399902
1300.223305	2564.800049
1300.763259	2609.199951
1301.303157	2573.399902
1301.842999	2565.199951
1302.382785	2539.0
1302.922515	2579.399902
1303.462189	2575.600098
1304.001807	2568.399902
1304.541369	2581.0
1305.080875	2573.800049
1305.620326	2570.600098
1306.15972	2587.199951
1306.699058	2555.199951
1307.238341	2571.399902
1307.777567	2567.399902
1308.316738	2570.0
1308.855853	2566.199951
1309.394912	2546.199951
1309.933915	2557.399902
1310.472862	2576.0
1311.011753	2572.600098
1311.550588	2527.0
1312.089367	2566.600098
1312.62809	2563.800049
1313.166758	2557.199951
1313.70537	2541.800049
1314.243925	2542.399902
1314.782425	2528.0
1315.320869	2566.600098
1315.859257	2526.199951
1316.397589	2541.199951
1316.935866	2548.399902
1317.474086	2532.0
1318.012251	2523.600098
1318.55036	2550.199951
1319.088413	2509.0
1319.62641	2531.600098
1320.164351	2537.800049
1320.702236	2525.399902
1321.240066	2544.399902
1321.777839	2548.399902
1322.315557	2534.399902
1322.853219	2507.399902
1323.390826	2547.199951
1323.928376	2527.600098
1324.465871	2513.800049
1325.003309	2492.0
1325.540692	2523.199951
1326.07802	2526.600098
1326.615291	2534.399902
1327.152506	2504.0
1327.689666	2536.399902
1328.22677	2521.600098
1328.763818	2497.399902
1329.300811	2495.199951
1329.837747	2520.399902
1330.374628	2508.800049
1330.911453	2497.0
1331.448222	2523.199951
1331.984936	2521.199951
1332.521594	2510.199951
1333.058196	2487.600098
1333.594742	2495.800049
1334.131232	2476.800049
1334.667667	2499.0
1335.204046	2484.600098
1335.740369	2498.800049
1336.276637	2465.199951
1336.812848	2506.800049
1337.349004	2478.199951
1337.885105	2484.399902
1338.421149	2495.399902
1338.957138	2502.399902
1339.493071	2487.0
1340.028949	2474.600098
1340.56477	2489.199951
1341.100536	2453.399902
1341.636246	2488.600098
1342.171901	2478.600098
1342.7075	2497.399902
1343.243043	2479.800049
1343.77853	2459.800049
1344.313962	2461.600098
1344.849338	2487.399902
1345.384659	2463.0
1345.919923	2466.0
1346.455133	2479.399902
1346.990286	2472.800049
1347.525384	2468.0
1348.060426	2478.399902
1348.595412	2467.199951
1349.130343	2471.399902
1349.665218	2452.199951
1350.200037	2469.0
1350.734801	2461.800049
1351.269509	2473.399902
1351.804162	2459.399902
1352.338758	2457.399902
1352.8733	2432.600098
1353.407785	2466.199951
1353.942215	2461.600098
1354.476589	2456.600098
1355.010908	2444.600098
1355.545171	2455.800049
1356.079379	2444.199951
1356.61353	2420.800049
1357.147627	2450.399902
1357.681667	2414.600098
1358.215652	2432.399902
1358.749582	2442.199951
1359.283456	2457.399902
1359.817274	2434.0
1360.351037	2439.800049
1360.884744	2426.199951
1361.418395	2436.199951
1361.951991	2427.600098
1362.485531	2418.800049
1363.019016	2426.800049
1363.552445	2422.600098
1364.085819	2422.800049
1364.619137	2409.199951
1365.1524	2423.399902
1365.685607	2427.0
1366.218758	2431.600098
1366.751854	2414.600098
1367.284894	2441.399902
1367.817879	2429.399902
1368.350808	2427.0
1368.883682	2434.600098
1369.4165	2422.199951
1369.949263	2408.800049
1370.48197	2432.399902
1371.014622	2434.199951
1371.547218	2430.399902
1372.079758	2417.399902
1372.612244	2389.399902
1373.144673	2413.800049
1373.677047	2396.199951
1374.209366	2403.800049
1374.741629	2403.199951
1375.273836	2402.600098
1375.805989	2392.399902
1376.338085	2405.800049
1376.870126	2380.600098
1377.402112	2403.199951
1377.934042	2394.800049
1378.465917	2406.600098
1378.997736	2376.800049
1379.5295	2398.0
1380.061208	2385.600098
1380.592861	2399.600098
1381.124459	2403.399902
1381.656	2384.199951
1382.187487	2384.800049
1382.718918	2359.0
1383.250294	2401.199951
1383.781614	2382.199951
1384.312879	2410.800049
1384.844088	2365.199951
1385.375242	2383.600098
1385.90634	2374.399902
1386.437383	2411.800049
1386.968371	2380.199951
1387.499303	2412.399902
1388.03018	2405.0
1388.561001	2516.600098
1389.091767	3288.0
1389.622478	3203.199951
1390.153133	2484.800049
1390.683733	2385.800049
1391.214277	2398.800049
1391.744766	2350.800049
1392.2752	2398.399902
1392.805578	2376.0
1393.335901	2365.600098
1393.866168	2359.0
1394.396381	2362.600098
1394.926537	2358.399902
1395.456639	2365.800049
1395.986685	2368.199951
1396.516675	2362.199951
1397.046611	2354.199951
1397.576491	2371.0
1398.106315	2335.600098
1398.636084	2366.399902
1399.165798	2354.600098
1399.695457	2325.600098
1400.22506	2373.199951
1400.754608	2364.600098
1401.284101	2347.800049
1401.813538	2351.0
1402.34292	2356.399902
1402.872247	2364.199951
1403.401518	2348.399902
1403.930734	2331.199951
1404.459895	2345.800049
1404.989	2349.399902
1405.51805	2365.800049
1406.047045	2337.600098
1406.575984	2357.0
1407.104869	2341.399902
1407.633697	2349.800049
1408.162471	2346.399902
1408.691189	2357.199951
1409.219852	2354.199951
1409.74846	2347.800049
1410.277013	2415.199951
1410.80551	2428.800049
1411.333952	2377.800049
1411.862339	2327.0
1412.39067	2330.0
1412.918946	2329.399902
1413.447167	2340.0
1413.975333	2321.199951
1414.503444	2327.600098
1415.031499	2344.800049
1415.559499	2325.399902
1416.087444	2335.199951
1416.615333	2305.600098
1417.143167	2327.600098
1417.670947	2314.0
1418.19867	2336.600098
1418.726339	2297.399902
1419.253952	2322.0
1419.781511	2327.800049
1420.309014	2349.0
1420.836461	2307.199951
1421.363854	2325.199951
1421.891191	2307.0
1422.418474	2326.0
1422.945701	2322.600098
1423.472872	2308.0
1423.999989	2326.199951
1424.52705	2305.0
1425.054057	2330.399902
1425.581008	2315.0
1426.107904	2307.0
1426.634745	2332.0
1427.16153	2330.199951
1427.688261	2297.199951
1428.214936	2305.800049
1428.741556	2293.399902
1429.268121	2282.600098
1429.794631	2296.399902
1430.321085	2320.199951
1430.847485	2311.399902
1431.373829	2291.0
1431.900118	2285.199951
1432.426353	2315.0
1432.952532	2339.600098
1433.478655	2289.0
1434.004724	2290.0
1434.530738	2286.199951
1435.056696	2296.0
1435.5826	2291.800049
1436.108448	2308.800049
1436.634241	2298.800049
1437.159979	2268.800049
1437.685662	2288.800049
1438.21129	2273.0
1438.736863	2291.399902
1439.262381	2269.800049
1439.787843	2285.399902
1440.313251	2279.800049
1440.838603	2277.800049
1441.3639	2280.600098
1441.889143	2287.600098
1442.41433	2271.800049
1442.939462	2289.399902
1443.464539	2273.600098
1443.989561	2296.0
1444.514528	2262.199951
1445.03944	2290.399902
1445.564297	2259.600098
1446.089099	2267.800049
1446.613846	2270.800049
1447.138537	2271.399902
1447.663174	2268.600098
1448.187756	2246.199951
1448.712282	2242.800049
1449.236754	2256.199951
1449.761171	2250.800049
1450.285532	2255.199951
1450.809839	2270.800049
1451.33409	2257.800049
1451.858287	2273.199951
1452.382428	2263.600098
1452.906515	2236.199951
1453.430546	2255.199951
1453.954523	2245.399902
1454.478444	2252.800049
1455.002311	2253.0
1455.526123	2254.199951
1456.049879	2251.199951
1456.573581	2251.0
1457.097227	2265.0
1457.620819	2235.800049
1458.144356	2245.600098
1458.667837	2239.800049
1459.191264	2221.399902
1459.714636	2250.800049
1460.237952	2233.600098
1460.761214	2232.399902
1461.284421	2235.800049
1461.807573	2256.600098
1462.33067	2212.199951
1462.853712	2250.800049
1463.376699	2234.399902
1463.899632	2234.800049
1464.422509	2232.0
1464.945331	2205.0
1465.468099	2222.399902
1465.990811	2207.199951
1466.513469	2229.800049
1467.036071	2210.600098
1467.558619	2225.199951
1468.081112	2222.399902
1468.60355	2221.600098
1469.125933	2217.600098
1469.648261	2218.199951
1470.170534	2225.399902
1470.692752	2239.800049
1471.214916	2224.800049
1471.737024	2215.600098
1472.259078	2216.800049
1472.781077	2206.0
1473.303021	2205.199951
1473.82491	2228.800049
1474.346744	2191.0
1474.868523	2228.600098
1475.390248	2214.0
1475.911917	2193.0
1476.433532	2209.600098
1476.955092	2210.0
1477.476597	2191.800049
1477.998047	2214.0
1478.519442	2212.399902
1479.040783	2214.800049
1479.562068	2199.600098
1480.083299	2195.199951
1480.604475	2214.0
1481.125596	2190.600098
1481.646663	2186.800049
1482.167674	2192.199951
1482.688631	2183.399902
1483.209533	2198.0
1483.73038	2209.199951
1484.251172	2171.399902
1484.771909	2193.399902
1485.292592	2172.800049
1485.81322	2175.600098
1486.333793	2169.0
1486.854311	2205.199951
1487.374775	2167.399902
1487.895183	2183.399902
1488.415537	2183.0
1488.935836	2174.800049
1489.456081	2173.199951
1489.97627	2174.399902
1490.496405	2180.399902
1491.016485	2155.0
1491.536511	2178.399902
1492.056481	2204.0
1492.576397	2183.399902
1493.096258	2167.800049
1493.616064	2168.800049
1494.135816	2165.199951
1494.655513	2167.199951
1495.175155	2170.399902
1495.694742	2179.0
1496.214274	2153.199951
1496.733752	2155.600098
1497.253175	2153.800049
1497.772544	2166.0
1498.291858	2162.600098
1498.811116	2175.800049
1499.330321	2150.0
1499.84947	2170.800049
1500.368565	2143.199951
1500.887605	2151.0
1501.406591	2168.399902
1501.925521	2152.0
1502.444397	2139.0
1502.963219	2161.800049
1503.481985	2157.0
1504.000697	2139.800049
1504.519355	2140.199951
1505.037957	2145.600098
1505.556505	2156.0
1506.074999	2149.199951
1506.593437	2139.199951
1507.111821	2166.0
1507.63015	2134.199951
1508.148425	2147.199951
1508.666645	2132.600098
1509.18481	2129.399902
1509.702921	2118.399902
1510.220977	2115.600098
1510.738979	2139.399902
1511.256925	2140.600098
1511.774817	2138.199951
1512.292655	2129.600098
1512.810438	2130.399902
1513.328166	2141.399902
1513.84584	2135.800049
1514.363459	2134.199951
1514.881023	2121.399902
1515.398533	2147.199951
1515.915988	2137.199951
1516.433389	2129.399902
1516.950734	2130.800049
1517.468026	2125.199951
1517.985263	2128.0
1518.502445	2121.600098
1519.019572	2134.0
1519.536645	2107.0
1520.053664	2131.800049
1520.570628	2120.0
1521.087537	2123.199951
1521.604392	2113.399902
1522.121192	2117.600098
1522.637937	2121.399902
1523.154628	2119.0
1523.671265	2105.0
1524.187847	2118.800049
1524.704374	2130.800049
1525.220847	2124.0
1525.737265	2101.0
1526.253629	2127.600098
1526.769938	2119.800049
1527.286192	2127.0
1527.802392	2122.800049
1528.318538	2125.800049
1528.834629	2123.600098
1529.350666	2089.600098
1529.866648	2095.399902
1530.382575	2100.199951
1530.898448	2096.800049
1531.414266	2112.800049
1531.93003	2114.199951
1532.44574	2120.600098
1532.961395	2107.399902
1533.476995	2122.399902
1533.992541	2105.0
1534.508033	2124.0
1535.02347	2116.399902
1535.538852	2106.399902
1536.05418	2102.600098
1536.569454	2099.0
1537.084673	2123.199951
1537.599837	2097.0
1538.114947	2115.199951
1538.630003	2109.399902
1539.145004	2113.800049
1539.659951	2113.800049
1540.174843	2111.399902
1540.689681	2125.0
1541.204465	2103.0
1541.719194	2104.199951
1542.233868	2093.399902
1542.748488	2104.199951
1543.263054	2103.399902
1543.777565	2105.600098
1544.292022	2098.800049
1544.806424	2108.600098
1545.320772	2096.199951
1545.835066	2084.600098
1546.349305	2091.399902
1546.863489	2101.199951
1547.37762	2083.0
1547.891696	2103.800049
1548.405717	2090.800049
1548.919684	2075.399902
1549.433597	2109.800049
1549.947455	2092.800049
1550.461259	2107.600098
1550.975009	2092.399902
1551.488704	2112.399902
1552.002345	2093.800049
1552.515931	2098.399902
1553.029463	2094.399902
1553.542941	2079.800049
1554.056364	2098.600098
1554.569733	2087.199951
1555.083048	2100.800049
1555.596308	2083.0
1556.109514	2106.600098
1556.622665	2099.199951
1557.135762	2086.600098
1557.648805	2085.399902
1558.161794	2076.399902
1558.674728	2078.600098
1559.187608	2080.600098
1559.700433	2092.800049
1560.213205	2066.399902
1560.725921	2081.0
1561.238584	2072.0
1561.751192	2075.0
1562.263746	2082.0
1562.776246	2085.199951
1563.288691	2064.199951
1563.801082	2090.600098
1564.313419	2085.600098
1564.825701	2069.600098
1565.337929	2081.0
1565.850103	2071.399902
1566.362223	2081.399902
1566.874288	2062.199951
1567.386299	2079.600098
1567.898256	2059.800049
1568.410158	2082.399902
1568.922007	2074.600098
1569.4338	2057.199951
1569.94554	2062.399902
1570.457226	2062.800049
1570.968857	2062.800049
1571.480434	2078.0
1571.991956	2097.199951
1572.503425	2083.600098
1573.014839	2088.800049
1573.526199	2052.0
1574.037505	2068.199951
1574.548756	2054.600098
1575.059953	2081.199951
1575.571096	2070.199951
1576.082185	2068.600098
1576.59322	2080.199951
1577.1042	2062.0
1577.615126	2063.600098
1578.125998	2061.600098
1578.636816	2065.600098
1579.14758	2051.800049
1579.658289	2072.0
1580.168944	2080.600098
1580.679545	2048.800049
1581.190092	2035.800049
1581.700585	2034.800049
1582.211023	2092.600098
1582.721407	2043.800049
1583.231737	2046.0
1583.742013	2063.399902
1584.252235	2064.600098
1584.762403	2060.399902
1585.272516	2051.800049
1585.782575	2067.199951
1586.292581	2051.600098
1586.802532	2043.800049
1587.312428	2064.800049
1587.822271	2042.599976
1588.33206	2049.199951
1588.841794	2039.599976
1589.351474	2045.599976
1589.8611	2030.0
1590.370672	2045.400024
1590.88019	2061.0
1591.389654	2049.600098
1591.899064	2040.199951
1592.408419	2039.199951
