1043.018714	2036.400024
1043.585098	2078.399902
1044.151424	2056.800049
1044.717692	2044.599976
1045.283903	2041.599976
1045.850056	2063.600098
1046.416151	2035.800049
1046.982188	2042.800049
1047.548167	2050.600098
1048.114089	2051.600098
1048.679953	2053.800049
1049.24576	2043.800049
1049.811509	2043.400024
1050.3772	2048.199951
1050.942833	2039.199951
1051.508408	2040.400024
1052.073926	2029.0
1052.639387	2031.0
1053.204789	2031.599976
1053.770134	2051.399902
1054.335421	2047.199951
1054.900651	2020.599976
1055.465823	2033.599976
1056.030937	2026.400024
1056.595993	2027.199951
1057.160992	2027.0
1057.725934	2011.400024
1058.290817	2006.199951
1058.855643	2034.0
1059.420411	2021.599976
1059.985122	2019.800049
1060.549775	2040.199951
1061.114371	2004.199951
1061.678908	2028.400024
1062.243389	2000.199951
1062.807811	2016.400024
1063.372176	2016.400024
1063.936483	2029.199951
1064.500733	2011.800049
1065.064925	2014.199951
1065.62906	2009.400024
1066.193137	2009.400024
1066.757156	2000.800049
1067.321118	2013.199951
1067.885022	2005.199951
1068.448869	1985.800049
1069.012658	1997.400024
1069.57639	2009.599976
1070.140063	2004.400024
1070.70368	1994.800049
1071.267239	1999.199951
1071.83074	2016.599976
1072.394184	2000.599976
1072.95757	2000.800049
1073.520899	1991.0
1074.08417	1996.0
1074.647383	1975.800049
1075.21054	1982.199951
1075.773638	1973.800049
1076.336679	1990.199951
1076.899663	1984.400024
1077.462589	2002.800049
1078.025457	1976.400024
1078.588268	1984.800049
1079.151022	1987.0
1079.713718	1974.0
1080.276356	1991.400024
1080.838937	1994.400024
1081.401461	1961.400024
1081.963927	1976.199951
1082.526336	1975.0
1083.088687	1964.0
1083.650981	1966.400024
1084.213217	1968.800049
1084.775396	1976.800049
1085.337517	1970.400024
1085.899581	1974.199951
1086.461587	1964.400024
1087.023536	1971.400024
1087.585428	1957.199951
1088.147262	1972.800049
1088.709039	1962.800049
1089.270758	1964.599976
1089.83242	1958.800049
1090.394024	1952.800049
1090.955571	1960.599976
1091.517061	1935.599976
1092.078493	1956.800049
1092.639868	1950.199951
1093.201185	1963.599976
1093.762445	1952.400024
1094.323648	1954.0
1094.884793	1917.199951
1095.445881	1948.0
1096.006911	1935.400024
1096.567884	1943.800049
1097.1288	1953.199951
1097.689659	1951.400024
1098.25046	1910.599976
1098.811203	1945.400024
1099.37189	1925.400024
1099.932518	1939.199951
1100.49309	1923.199951
1101.053604	1939.599976
1101.614061	1910.800049
1102.174461	1938.199951
1102.734803	1926.0
1103.295088	1922.0
1103.855316	1930.599976
1104.415486	1931.599976
1104.975599	1910.400024
1105.535655	1921.800049
1106.095653	1911.400024
1106.655594	1887.400024
1107.215478	1908.400024
1107.775305	1921.599976
1108.335074	1886.0
1108.894786	1913.400024
1109.45444	1878.599976
1110.014038	1895.800049
1110.573578	1898.599976
1111.133061	1901.599976
1111.692486	1884.599976
1112.251854	1919.0
1112.811165	1882.800049
1113.370419	1915.599976
1113.929616	1871.599976
1114.488755	1915.599976
1115.047837	1883.0
1115.606862	1906.199951
1116.16583	1901.400024
1116.72474	1878.800049
1117.283593	1871.599976
1117.842389	1897.199951
1118.401128	1890.599976
1118.959809	1900.0
1119.518433	1893.599976
1120.077	1878.0
1120.63551	1897.0
1121.193963	1887.0
1121.752358	1883.400024
1122.310697	1901.199951
1122.868978	1882.199951
1123.427202	1890.800049
1123.985368	1887.599976
1124.543478	1894.400024
1125.10153	1864.400024
1125.659526	1870.800049
1126.217464	1871.0
1126.775345	1896.599976
1127.333168	1877.400024
1127.890935	1897.199951
1128.448644	1868.199951
1129.006297	1885.400024
1129.563892	1877.0
1130.12143	1873.400024
1130.678911	1886.800049
1131.236335	1873.400024
1131.793701	1867.800049
1132.351011	1856.599976
1132.908263	1871.199951
1133.465458	1880.0
1134.022597	1856.400024
1134.579678	1866.400024
1135.136702	1862.0
1135.693669	1885.0
1136.250578	1875.199951
1136.807431	1866.800049
1137.364227	1865.599976
1137.920965	1872.800049
1138.477647	1863.800049
1139.034271	1869.0
1139.590839	1860.599976
1140.147349	1857.0
1140.703802	1873.0
1141.260198	1872.400024
1141.816537	1868.599976
1142.37282	1880.800049
1142.929045	1859.199951
1143.485213	1880.0
1144.041323	1866.400024
1144.597377	1867.599976
1145.153374	1851.800049
1145.709314	1874.199951
1146.265197	1848.0
1146.821023	1849.0
1147.376792	1861.0
1147.932503	1863.599976
1148.488158	1859.0
1149.043756	1860.199951
1149.599297	1879.0
1150.154781	1856.599976
1150.710207	1851.800049
1151.265577	1865.199951
1151.82089	1854.0
1152.376146	1863.800049
1152.931345	1850.800049
1153.486487	1850.400024
1154.041572	1862.800049
1154.5966	1882.199951
1155.151571	1859.400024
1155.706485	1862.199951
1156.261342	1864.199951
1156.816142	1846.800049
1157.370885	1862.599976
1157.925572	1849.0
1158.480201	1859.599976
1159.034774	1837.400024
1159.589289	1875.0
1160.143748	1849.0
1160.698149	1860.400024
1161.252494	1847.0
1161.806782	1858.599976
1162.361013	1859.0
1162.915187	1862.400024
1163.469304	1854.599976
1164.023364	1859.0
1164.577368	1848.599976
1165.131314	1862.199951
1165.685204	1842.400024
1166.239036	1860.0
1166.792812	1844.199951
1167.346531	1866.599976
1167.900193	1832.800049
1168.453798	1836.0
1169.007347	1835.599976
1169.560838	1844.599976
1170.114273	1834.0
1170.66765	1837.800049
1171.220971	1837.400024
1171.774235	1842.400024
1172.327443	1827.800049
1172.880593	1829.0
1173.433687	1858.800049
1173.986723	1842.0
1174.539703	1830.400024
1175.092626	1838.800049
1175.645493	1830.599976
1176.198302	1848.199951
1176.751055	1829.800049
1177.303751	1823.199951
1177.85639	1852.199951
1178.408972	1846.800049
1178.961498	1824.800049
1179.513966	1821.400024
1180.066378	1819.0
1180.618733	1823.800049
1181.171032	1814.400024
1181.723273	1844.0
1182.275458	1827.400024
1182.827586	1819.400024
1183.379657	1828.199951
1183.931672	1826.599976
1184.48363	1825.199951
1185.035531	1816.400024
1185.587375	1821.0
1186.139162	1816.199951
1186.690893	1810.599976
1187.242567	1821.400024
1187.794184	1817.400024
1188.345745	1826.599976
1188.897249	1814.199951
1189.448696	1822.800049
1190.000086	1838.199951
1190.55142	1829.800049
1191.102697	1814.0
1191.653918	1817.400024
1192.205081	1819.199951
1192.756188	1810.400024
1193.307238	1829.0
1193.858232	1799.400024
1194.409169	1810.800049
1194.960049	1809.199951
1195.510872	1820.400024
1196.061639	1805.800049
1196.612349	1814.0
1197.163003	1807.199951
1197.713599	1803.599976
1198.264139	1800.0
1198.814623	1810.800049
1199.36505	1805.599976
1199.91542	1805.599976
1200.465734	1819.599976
1201.01599	1802.800049
1201.566191	1801.199951
1202.116334	1809.199951
1202.666421	1799.599976
1203.216452	1808.599976
1203.766425	1805.400024
1204.316343	1781.800049
1204.866203	1791.400024
1205.416007	1797.800049
1205.965754	1815.800049
1206.515445	1785.400024
1207.065079	1800.0
1207.614657	1801.400024
1208.164177	1792.800049
1208.713642	1789.199951
1209.26305	1795.0
1209.812401	1782.0
1210.361695	1786.599976
1210.910933	1771.800049
1211.460115	1781.199951
1212.00924	1783.599976
1212.558308	1786.0
1213.10732	1797.199951
1213.656275	1780.599976
1214.205174	1799.0
1214.754016	1774.599976
1215.302801	1763.400024
1215.85153	1761.199951
1216.400203	1789.0
1216.948819	1767.0
1217.497378	1779.199951
1218.045881	1783.400024
1218.594327	1776.199951
1219.142717	1757.199951
1219.691051	1773.400024
1220.239327	1760.0
1220.787548	1760.800049
1221.335712	1764.800049
1221.883819	1767.800049
1222.43187	1752.400024
1222.979864	1762.599976
1223.527802	1770.0
1224.075683	1772.199951
1224.623508	1762.199951
1225.171277	1741.0
1225.718989	1755.0
1226.266644	1769.599976
1226.814243	1771.599976
1227.361786	1734.400024
1227.909272	1755.400024
1228.456702	1757.800049
1229.004075	1751.599976
1229.551392	1766.199951
1230.098652	1766.400024
1230.645856	1746.0
1231.193003	1761.800049
1231.740094	1753.800049
1232.287129	1766.599976
1232.834107	1747.400024
1233.381029	1747.0
1233.927894	1743.0
1234.474703	1753.400024
1235.021455	1752.0
1235.568151	1742.599976
1236.114791	1728.199951
1236.661374	1730.0
1237.207901	1753.800049
1237.754372	1759.599976
1238.300786	1754.599976
1238.847144	1752.400024
1239.393445	1743.199951
1239.93969	1746.400024
1240.485879	1744.599976
1241.032011	1743.199951
1241.578087	1742.400024
1242.124106	1725.400024
1242.67007	1749.599976
1243.215976	1739.400024
1243.761827	1732.800049
1244.307621	1726.599976
1244.853359	1729.800049
1245.39904	1742.599976
1245.944665	1730.199951
1246.490234	1741.800049
1247.035746	1727.199951
1247.581203	1734.400024
1248.126602	1723.800049
1248.671946	1733.599976
1249.217233	1727.0
1249.762464	1720.599976
1250.307638	1715.0
1250.852757	1712.599976
1251.397819	1744.400024
1251.942824	1739.0
1252.487774	1738.599976
1253.032667	1727.400024
1253.577503	1724.199951
1254.122284	1722.400024
1254.667008	1733.0
1255.211676	1718.400024
1255.756288	1730.0
1256.300843	1717.199951
1256.845342	1722.199951
1257.389785	1716.599976
1257.934172	1721.599976
1258.478502	1705.199951
1259.022776	1716.800049
1259.566994	1704.599976
1260.111156	1730.800049
1260.655261	1715.800049
1261.199311	1700.599976
1261.743304	1711.800049
1262.28724	1730.800049
1262.831121	1710.599976
1263.374945	1711.400024
1263.918713	1720.599976
1264.462425	1693.400024
1265.006081	1723.400024
1265.54968	1717.800049
1266.093223	1736.0
1266.636711	1723.400024
1267.180141	1708.199951
1267.723516	1718.800049
1268.266835	1714.800049
1268.810097	1698.199951
1269.353303	1712.599976
1269.896453	1707.800049
1270.439547	1707.800049
1270.982584	1711.400024
1271.525566	1702.800049
1272.068491	1715.400024
1272.61136	1700.599976
1273.154173	1692.599976
1273.69693	1716.199951
1274.239631	1702.199951
1274.782275	1714.800049
1275.324864	1698.800049
1275.867396	1710.800049
1276.409872	1700.199951
1276.952292	1702.199951
1277.494656	1695.800049
1278.036964	1700.0
1278.579215	1709.199951
1279.121411	1692.0
1279.66355	1702.800049
1280.205634	1702.800049
1280.747661	1699.0
1281.289632	1687.400024
1281.831547	1691.199951
1282.373406	1705.800049
1282.915209	1695.599976
1283.456955	1694.599976
1283.998646	1693.400024
1284.540281	1700.599976
1285.081859	1679.800049
1285.623381	1719.0
1286.164848	1790.599976
1286.706258	1817.0
1287.247612	1699.400024
1287.788911	1676.599976
1288.330153	1703.599976
1288.871339	1683.800049
1289.412469	1683.199951
1289.953543	1669.800049
1290.494561	1679.599976
1291.035523	1689.0
1291.576428	1682.0
1292.117278	1690.0
1292.658072	1670.400024
1293.19881	1688.0
1293.739492	1669.599976
1294.280118	1663.599976
1294.820687	1673.400024
1295.361201	1657.800049
1295.901659	1676.199951
1296.442061	1686.599976
1296.982406	1667.599976
1297.522696	1658.800049
1298.06293	1672.400024
1298.603108	1665.599976
1299.143229	1677.400024
1299.683295	1655.199951
1300.223305	1659.400024
1300.763259	1663.0
1301.303157	1662.0
1301.842999	1675.0
1302.382785	1660.599976
1302.922515	1665.0
1303.462189	1656.599976
1304.001807	1659.400024
1304.541369	1657.0
1305.080875	1673.199951
1305.620326	1659.800049
1306.15972	1679.199951
1306.699058	1657.199951
1307.238341	1654.599976
1307.777567	1662.800049
1308.316738	1676.199951
1308.855853	1652.599976
1309.394912	1652.0
1309.933915	1652.599976
1310.472862	1654.400024
1311.011753	1658.0
1311.550588	1660.0
1312.089367	1652.199951
1312.62809	1659.800049
1313.166758	1660.199951
1313.70537	1643.199951
1314.243925	1652.599976
1314.782425	1634.400024
1315.320869	1645.599976
1315.859257	1643.400024
1316.397589	1662.0
1316.935866	1644.800049
1317.474086	1636.0
1318.012251	1641.599976
1318.55036	1637.0
1319.088413	1644.599976
1319.62641	1629.599976
1320.164351	1641.199951
1320.702236	1648.199951
1321.240066	1634.0
1321.777839	1638.400024
1322.315557	1619.0
1322.853219	1644.599976
1323.390826	1632.400024
1323.928376	1647.800049
1324.465871	1648.800049
1325.003309	1621.199951
1325.540692	1633.800049
1326.07802	1647.199951
1326.615291	1642.199951
1327.152506	1643.400024
1327.689666	1647.0
1328.22677	1630.199951
1328.763818	1630.800049
1329.300811	1613.400024
1329.837747	1648.400024
1330.374628	1630.599976
1330.911453	1626.0
1331.448222	1618.599976
1331.984936	1639.199951
1332.521594	1619.400024
1333.058196	1624.199951
1333.594742	1638.400024
1334.131232	1627.0
1334.667667	1625.199951
1335.204046	1608.400024
1335.740369	1615.0
1336.276637	1618.400024
1336.812848	1611.199951
1337.349004	1617.199951
1337.885105	1636.800049
1338.421149	1612.400024
1338.957138	1611.199951
1339.493071	1605.800049
1340.028949	1620.199951
1340.56477	1598.599976
1341.100536	1616.199951
1341.636246	1612.800049
1342.171901	1613.0
1342.7075	1617.599976
1343.243043	1604.599976
1343.77853	1603.599976
1344.313962	1614.199951
1344.849338	1623.199951
1345.384659	1611.0
1345.919923	1614.0
1346.455133	1610.0
1346.990286	1604.0
1347.525384	1611.400024
1348.060426	1614.400024
1348.595412	1602.400024
1349.130343	1628.800049
1349.665218	1605.800049
1350.200037	1607.199951
1350.734801	1611.599976
1351.269509	1588.599976
1351.804162	1599.199951
1352.338758	1593.599976
1352.8733	1598.199951
1353.407785	1610.400024
1353.942215	1607.599976
1354.476589	1604.199951
1355.010908	1592.199951
1355.545171	1593.800049
1356.079379	1607.800049
1356.61353	1584.599976
1357.147627	1597.199951
1357.681667	1603.400024
1358.215652	1621.199951
1358.749582	1603.400024
1359.283456	1604.199951
1359.817274	1584.199951
1360.351037	1591.400024
1360.884744	1591.199951
1361.418395	1594.800049
1361.951991	1591.0
1362.485531	1602.800049
1363.019016	1594.400024
1363.552445	1584.0
1364.085819	1592.400024
1364.619137	1590.400024
1365.1524	1590.400024
1365.685607	1585.800049
1366.218758	1587.400024
1366.751854	1578.599976
1367.284894	1605.599976
1367.817879	1568.199951
1368.350808	1588.599976
1368.883682	1568.199951
1369.4165	1588.599976
1369.949263	1586.400024
1370.48197	1581.599976
1371.014622	1582.400024
1371.547218	1578.199951
1372.079758	1581.400024
1372.612244	1578.400024
1373.144673	1565.800049
1373.677047	1571.800049
1374.209366	1564.400024
1374.741629	1576.599976
1375.273836	1587.800049
1375.805989	1577.199951
1376.338085	1579.800049
1376.870126	1571.400024
1377.402112	1591.0
1377.934042	1568.800049
1378.465917	1586.0
1378.997736	1561.800049
1379.5295	1591.800049
1380.061208	1560.800049
1380.592861	1564.0
1381.124459	1576.599976
1381.656	1569.0
1382.187487	1569.0
1382.718918	1569.199951
1383.250294	1574.599976
1383.781614	1562.199951
1384.312879	1590.0
1384.844088	1576.800049
1385.375242	1565.199951
1385.90634	1563.199951
1386.437383	1565.400024
1386.968371	1559.0
1387.499303	1566.400024
1388.03018	1564.0
1388.561001	1568.0
1389.091767	1695.199951
1389.622478	1803.400024
1390.153133	1606.400024
1390.683733	1591.199951
1391.214277	1544.0
1391.744766	1559.599976
1392.2752	1577.199951
1392.805578	1559.199951
1393.335901	1553.199951
1393.866168	1550.0
1394.396381	1568.0
1394.926537	1565.400024
1395.456639	1556.800049
1395.986685	1557.400024
1396.516675	1548.800049
1397.046611	1547.599976
1397.576491	1561.0
1398.106315	1564.199951
1398.636084	1555.599976
1399.165798	1558.400024
1399.695457	1556.599976
1400.22506	1553.199951
1400.754608	1549.800049
1401.284101	1543.199951
1401.813538	1549.800049
1402.34292	1567.400024
1402.872247	1559.800049
1403.401518	1562.0
1403.930734	1535.599976
1404.459895	1539.800049
1404.989	1553.400024
1405.51805	1558.0
1406.047045	1545.599976
1406.575984	1545.400024
1407.104869	1556.199951
1407.633697	1557.0
1408.162471	1548.0
1408.691189	1544.0
1409.219852	1541.0
1409.74846	1553.800049
1410.277013	1548.199951
1410.80551	1561.599976
1411.333952	1555.599976
1411.862339	1556.800049
1412.39067	1535.400024
1412.918946	1552.400024
1413.447167	1536.800049
1413.975333	1545.199951
1414.503444	1537.400024
1415.031499	1546.800049
1415.559499	1537.400024
1416.087444	1531.400024
1416.615333	1550.0
1417.143167	1525.599976
1417.670947	1552.0
1418.19867	1536.599976
1418.726339	1531.400024
1419.253952	1526.199951
1419.781511	1541.199951
1420.309014	1545.199951
1420.836461	1537.400024
1421.363854	1541.0
1421.891191	1538.400024
1422.418474	1536.800049
1422.945701	1534.599976
1423.472872	1521.0
1423.999989	1529.400024
1424.52705	1555.800049
1425.054057	1541.400024
1425.581008	1525.599976
1426.107904	1532.0
1426.634745	1525.599976
1427.16153	1524.199951
1427.688261	1530.400024
1428.214936	1534.400024
1428.741556	1523.400024
1429.268121	1517.800049
1429.794631	1539.599976
1430.321085	1521.599976
1430.847485	1531.199951
1431.373829	1521.800049
1431.900118	1531.0
1432.426353	1543.0
1432.952532	1527.400024
1433.478655	1512.0
1434.004724	1523.199951
1434.530738	1528.0
1435.056696	1513.0
1435.5826	1522.0
1436.108448	1508.0
1436.634241	1537.0
1437.159979	1528.199951
1437.685662	1519.800049
1438.21129	1509.199951
1438.736863	1511.599976
1439.262381	1490.199951
1439.787843	1521.800049
1440.313251	1509.0
1440.838603	1514.800049
1441.3639	1518.800049
1441.889143	1502.400024
1442.41433	1518.400024
1442.939462	1524.199951
1443.464539	1522.800049
1443.989561	1505.599976
1444.514528	1492.199951
1445.03944	1498.199951
1445.564297	1510.0
1446.089099	1514.400024
1446.613846	1504.199951
1447.138537	1505.0
1447.663174	1499.800049
1448.187756	1518.199951
1448.712282	1505.0
1449.236754	1508.400024
1449.761171	1503.0
1450.285532	1506.599976
1450.809839	1527.0
1451.33409	1511.0
1451.858287	1514.400024
1452.382428	1508.199951
1452.906515	1508.400024
1453.430546	1511.400024
1453.954523	1504.0
1454.478444	1498.800049
1455.002311	1500.800049
1455.526123	1486.400024
1456.049879	1513.0
1456.573581	1491.199951
1457.097227	1504.599976
1457.620819	1484.800049
1458.144356	1505.400024
1458.667837	1499.800049
1459.191264	1499.400024
1459.714636	1500.400024
1460.237952	1508.800049
1460.761214	1500.599976
1461.284421	1495.800049
1461.807573	1491.400024
1462.33067	1490.800049
1462.853712	1497.199951
1463.376699	1512.0
1463.899632	1502.800049
1464.422509	1496.199951
1464.945331	1494.0
1465.468099	1494.599976
1465.990811	1503.0
1466.513469	1498.0
1467.036071	1479.400024
1467.558619	1496.199951
1468.081112	1485.400024
1468.60355	1496.400024
1469.125933	1479.0
1469.648261	1497.199951
1470.170534	1490.800049
1470.692752	1498.400024
1471.214916	1469.0
1471.737024	1473.0
1472.259078	1494.199951
1472.781077	1478.400024
1473.303021	1477.400024
1473.82491	1479.599976
1474.346744	1480.400024
1474.868523	1471.800049
1475.390248	1477.599976
1475.911917	1474.400024
1476.433532	1477.800049
1476.955092	1477.400024
1477.476597	1481.800049
1477.998047	1472.199951
1478.519442	1477.800049
1479.040783	1472.199951
1479.562068	1475.199951
1480.083299	1486.800049
1480.604475	1469.199951
1481.125596	1478.800049
1481.646663	1476.0
1482.167674	1496.400024
1482.688631	1480.199951
1483.209533	1469.0
1483.73038	1466.599976
1484.251172	1464.199951
1484.771909	1466.800049
1485.292592	1464.199951
1485.81322	1476.800049
1486.333793	1452.0
1486.854311	1469.199951
1487.374775	1477.400024
1487.895183	1470.0
1488.415537	1475.199951
1488.935836	1467.599976
1489.456081	1469.0
1489.97627	1474.599976
1490.496405	1442.199951
1491.016485	1460.800049
1491.536511	1469.800049
1492.056481	1466.199951
1492.576397	1463.400024
1493.096258	1470.599976
1493.616064	1454.400024
1494.135816	1463.800049
1494.655513	1460.800049
1495.175155	1454.599976
1495.694742	1463.400024
1496.214274	1458.0
1496.733752	1451.400024
1497.253175	1462.199951
1497.772544	1457.0
1498.291858	1447.0
1498.811116	1442.599976
1499.330321	1476.599976
1499.84947	1466.400024
1500.368565	1462.599976
1500.887605	1459.800049
1501.406591	1447.0
1501.925521	1446.800049
1502.444397	1468.599976
1502.963219	1451.800049
1503.481985	1456.599976
1504.000697	1464.599976
1504.519355	1463.400024
1505.037957	1461.599976
1505.556505	1457.400024
1506.074999	1456.400024
1506.593437	1460.400024
1507.111821	1450.199951
1507.63015	1440.0
1508.148425	1461.0
1508.666645	1446.0
1509.18481	1449.199951
1509.702921	1433.800049
1510.220977	1452.199951
1510.738979	1443.599976
1511.256925	1424.800049
1511.774817	1437.800049
1512.292655	1442.0
1512.810438	1454.199951
1513.328166	1430.800049
1513.84584	1446.0
1514.363459	1457.800049
1514.881023	1453.599976
1515.398533	1441.199951
1515.915988	1442.800049
1516.433389	1454.800049
1516.950734	1453.400024
1517.468026	1442.400024
1517.985263	1444.800049
1518.502445	1438.400024
1519.019572	1449.599976
1519.536645	1433.800049
1520.053664	1432.599976
1520.570628	1447.0
1521.087537	1429.400024
1521.604392	1434.599976
1522.121192	1451.0
1522.637937	1440.599976
1523.154628	1459.199951
1523.671265	1446.0
1524.187847	1430.400024
1524.704374	1444.599976
1525.220847	1432.400024
1525.737265	1433.400024
1526.253629	1422.400024
1526.769938	1432.0
1527.286192	1430.0
1527.802392	1434.400024
1528.318538	1431.599976
1528.834629	1426.599976
1529.350666	1443.599976
1529.866648	1437.599976
1530.382575	1429.400024
1530.898448	1436.599976
1531.414266	1436.0
1531.93003	1433.199951
1532.44574	1428.199951
1532.961395	1428.400024
1533.476995	1438.800049
1533.992541	1429.199951
1534.508033	1429.400024
1535.02347	1442.599976
1535.538852	1430.199951
1536.05418	1427.400024
1536.569454	1439.0
1537.084673	1435.800049
1537.599837	1431.0
1538.114947	1424.400024
1538.630003	1421.0
1539.145004	1422.599976
1539.659951	1433.599976
1540.174843	1440.599976
1540.689681	1439.400024
1541.204465	1441.199951
1541.719194	1427.199951
1542.233868	1429.599976
1542.748488	1414.400024
1543.263054	1438.599976
1543.777565	1444.0
1544.292022	1417.800049
1544.806424	1417.599976
1545.320772	1425.0
1545.835066	1422.400024
1546.349305	1412.400024
1546.863489	1422.400024
1547.37762	1415.199951
1547.891696	1415.199951
1548.405717	1425.0
1548.919684	1430.199951
1549.433597	1421.800049
1549.947455	1422.199951
1550.461259	1425.400024
1550.975009	1419.599976
1551.488704	1429.0
1552.002345	1410.0
1552.515931	1421.400024
1553.029463	1426.599976
1553.542941	1425.400024
1554.056364	1431.800049
1554.569733	1432.599976
1555.083048	1431.199951
1555.596308	1418.199951
1556.109514	1427.199951
1556.622665	1416.800049
1557.135762	1426.800049
1557.648805	1428.800049
1558.161794	1421.599976
1558.674728	1423.199951
1559.187608	1423.199951
1559.700433	1434.199951
1560.213205	1421.400024
1560.725921	1421.400024
1561.238584	1408.800049
1561.751192	1418.599976
1562.263746	1424.199951
1562.776246	1400.800049
1563.288691	1425.199951
1563.801082	1420.599976
1564.313419	1426.0
1564.825701	1402.800049
1565.337929	1416.400024
1565.850103	1406.0
1566.362223	1439.199951
1566.874288	1418.800049
1567.386299	1421.800049
1567.898256	1409.199951
1568.410158	1412.800049
1568.922007	1429.199951
1569.4338	1413.0
1569.94554	1417.0
1570.457226	1422.800049
1570.968857	1414.0
1571.480434	1414.199951
1571.991956	1414.599976
1572.503425	1408.599976
1573.014839	1417.0
1573.526199	1415.400024
1574.037505	1407.599976
1574.548756	1420.0
1575.059953	1408.599976
1575.571096	1418.199951
1576.082185	1411.800049
1576.59322	1406.800049
1577.1042	1438.0
1577.615126	1400.400024
1578.125998	1413.800049
1578.636816	1397.599976
1579.14758	1397.0
1579.658289	1410.0
1580.168944	1387.199951
1580.679545	1400.199951
1581.190092	1407.599976
1581.700585	1410.199951
1582.211023	1397.599976
1582.721407	1406.400024
1583.231737	1403.0
1583.742013	1410.599976
1584.252235	1416.599976
1584.762403	1401.0
1585.272516	1413.400024
1585.782575	1389.800049
1586.292581	1390.199951
1586.802532	1419.599976
1587.312428	1401.400024
1587.822271	1421.199951
1588.33206	1413.0
1588.841794	1405.199951
1589.351474	1400.199951
1589.8611	1400.800049
1590.370672	1401.199951
1590.88019	1396.599976
1591.389654	1410.400024
1591.899064	1390.400024
1592.408419	1402.199951
