1043.018714	2363.0
1043.585098	2371.600098
1044.151424	2384.600098
1044.717692	2363.399902
1045.283903	2369.800049
1045.850056	2371.600098
1046.416151	2350.600098
1046.982188	2334.199951
1047.548167	2349.0
1048.114089	2341.600098
1048.679953	2341.600098
1049.24576	2309.800049
1049.811509	2324.199951
1050.3772	2329.0
1050.942833	2320.600098
1051.508408	2334.199951
1052.073926	2318.800049
1052.639387	2304.199951
1053.204789	2309.199951
1053.770134	2297.600098
1054.335421	2287.199951
1054.900651	2311.0
1055.465823	2299.399902
1056.030937	2301.399902
1056.595993	2322.399902
1057.160992	2315.199951
1057.725934	2306.0
1058.290817	2304.800049
1058.855643	2303.0
1059.420411	2282.800049
1059.985122	2300.600098
1060.549775	2318.600098
1061.114371	2262.600098
1061.678908	2279.0
1062.243389	2280.0
1062.807811	2299.399902
1063.372176	2301.399902
1063.936483	2278.0
1064.500733	2264.0
1065.064925	2282.800049
1065.62906	2281.600098
1066.193137	2275.399902
1066.757156	2284.399902
1067.321118	2286.399902
1067.885022	2281.199951
1068.448869	2292.600098
1069.012658	2274.600098
1069.57639	2265.800049
1070.140063	2276.800049
1070.70368	2284.800049
1071.267239	2260.399902
1071.83074	2275.199951
1072.394184	2250.0
1072.95757	2274.0
1073.520899	2271.399902
1074.08417	2264.0
1074.647383	2245.600098
1075.21054	2254.800049
1075.773638	2243.600098
1076.336679	2270.800049
1076.899663	2236.800049
1077.462589	2260.800049
1078.025457	2220.199951
1078.588268	2262.399902
1079.151022	2240.800049
1079.713718	2236.600098
1080.276356	2256.0
1080.838937	2257.199951
1081.401461	2223.600098
1081.963927	2248.199951
1082.526336	2213.800049
1083.088687	2227.600098
1083.650981	2232.600098
1084.213217	2238.600098
1084.775396	2215.0
1085.337517	2235.0
1085.899581	2225.399902
1086.461587	2219.399902
1087.023536	2217.199951
1087.585428	2238.199951
1088.147262	2205.0
1088.709039	2228.399902
1089.270758	2206.399902
1089.83242	2231.800049
1090.394024	2195.800049
1090.955571	2220.199951
1091.517061	2196.800049
1092.078493	2198.800049
1092.639868	2200.600098
1093.201185	2222.600098
1093.762445	2174.399902
1094.323648	2183.399902
1094.884793	2198.600098
1095.445881	2219.0
1096.006911	2204.800049
1096.567884	2194.800049
1097.1288	2204.800049
1097.689659	2186.0
1098.25046	2175.600098
1098.811203	2201.399902
1099.37189	2170.600098
1099.932518	2194.0
1100.49309	2170.600098
1101.053604	2180.800049
1101.614061	2169.199951
1102.174461	2184.399902
1102.734803	2162.800049
1103.295088	2175.0
1103.855316	2155.199951
1104.415486	2187.800049
1104.975599	2138.600098
1105.535655	2185.0
1106.095653	2154.399902
1106.655594	2164.800049
1107.215478	2140.199951
1107.775305	2162.199951
1108.335074	2143.399902
1108.894786	2169.399902
1109.45444	2131.199951
1110.014038	2165.399902
1110.573578	2126.0
1111.133061	2153.800049
1111.692486	2125.399902
1112.251854	2151.399902
1112.811165	2129.199951
1113.370419	2152.600098
1113.929616	2121.800049
1114.488755	2148.600098
1115.047837	2118.399902
1115.606862	2130.800049
1116.16583	2130.399902
1116.72474	2132.399902
1117.283593	2107.0
1117.842389	2142.600098
1118.401128	2115.600098
1118.959809	2115.399902
1119.518433	2120.199951
1120.077	2135.800049
1120.63551	2096.199951
1121.193963	2103.0
1121.752358	2115.600098
1122.310697	2114.800049
1122.868978	2102.399902
1123.427202	2108.0
1123.985368	2111.800049
1124.543478	2122.0
1125.10153	2092.600098
1125.659526	2108.399902
1126.217464	2097.600098
1126.775345	2105.600098
1127.333168	2097.600098
1127.890935	2119.199951
1128.448644	2095.0
1129.006297	2118.600098
1129.563892	2100.600098
1130.12143	2103.600098
1130.678911	2093.399902
1131.236335	2102.199951
1131.793701	2102.0
1132.351011	2112.600098
1132.908263	2078.399902
1133.465458	2101.0
1134.022597	2099.800049
1134.579678	2115.399902
1135.136702	2088.199951
1135.693669	2097.800049
1136.250578	2085.0
1136.807431	2091.0
1137.364227	2084.600098
1137.920965	2113.199951
1138.477647	2097.399902
1139.034271	2096.800049
1139.590839	2075.399902
1140.147349	2076.399902
1140.703802	2085.0
1141.260198	2102.0
1141.816537	2094.399902
1142.37282	2086.600098
1142.929045	2081.800049
1143.485213	2079.199951
1144.041323	2089.399902
1144.597377	2085.800049
1145.153374	2079.0
1145.709314	2096.0
1146.265197	2077.399902
1146.821023	2105.399902
1147.376792	2086.199951
1147.932503	2076.199951
1148.488158	2075.0
1149.043756	2072.199951
1149.599297	2088.600098
1150.154781	2071.0
1150.710207	2080.0
1151.265577	2084.600098
1151.82089	2074.399902
1152.376146	2077.399902
1152.931345	2074.600098
1153.486487	2080.0
1154.041572	2065.800049
1154.5966	2058.199951
1155.151571	2080.0
1155.706485	2090.399902
1156.261342	2095.600098
1156.816142	2067.199951
1157.370885	2095.199951
1157.925572	2053.0
1158.480201	2067.0
1159.034774	2070.600098
1159.589289	2075.600098
1160.143748	2078.0
1160.698149	2078.199951
1161.252494	2058.0
1161.806782	2072.199951
1162.361013	2054.199951
1162.915187	2070.600098
1163.469304	2064.800049
1164.023364	2070.399902
1164.577368	2057.0
1165.131314	2070.0
1165.685204	2065.399902
1166.239036	2057.199951
1166.792812	2053.399902
1167.346531	2059.800049
1167.900193	2046.800049
1168.453798	2057.199951
1169.007347	2040.199951
1169.560838	2050.199951
1170.114273	2027.0
1170.66765	2055.0
1171.220971	2034.400024
1171.774235	2046.599976
1172.327443	2053.0
1172.880593	2049.800049
1173.433687	2055.399902
1173.986723	2054.199951
1174.539703	2058.800049
1175.092626	2031.199951
1175.645493	2037.199951
1176.198302	2065.800049
1176.751055	2035.0
1177.303751	2045.199951
1177.85639	2048.600098
1178.408972	2022.0
1178.961498	2034.599976
1179.513966	2050.0
1180.066378	2029.599976
1180.618733	2017.599976
1181.171032	2022.599976
1181.723273	2040.199951
1182.275458	2029.0
1182.827586	2026.599976
1183.379657	2030.400024
1183.931672	2026.400024
1184.48363	2025.800049
1185.035531	2023.199951
1185.587375	2030.800049
1186.139162	2018.400024
1186.690893	2034.0
1187.242567	2026.599976
1187.794184	2024.0
1188.345745	2014.599976
1188.897249	2028.599976
1189.448696	2006.599976
1190.000086	2035.800049
1190.55142	2028.199951
1191.102697	2021.0
1191.653918	2015.199951
1192.205081	2013.800049
1192.756188	2012.599976
1193.307238	2025.400024
1193.858232	2001.599976
1194.409169	2009.199951
1194.960049	2009.400024
1195.510872	2000.199951
1196.061639	2009.400024
1196.612349	1993.400024
1197.163003	1998.0
1197.713599	2009.199951
1198.264139	2008.800049
1198.814623	1996.800049
1199.36505	1982.800049
1199.91542	2006.0
1200.465734	1981.199951
1201.01599	1993.400024
1201.566191	2011.599976
1202.116334	1989.199951
1202.666421	2011.0
1203.216452	1978.599976
1203.766425	1991.0
1204.316343	1998.199951
1204.866203	1986.0
1205.416007	1986.599976
1205.965754	2007.199951
1206.515445	1988.0
1207.065079	1980.800049
1207.614657	1976.599976
1208.164177	1996.400024
1208.713642	1973.199951
1209.26305	1983.0
1209.812401	1970.800049
1210.361695	1985.0
1210.910933	1988.199951
1211.460115	1999.0
1212.00924	1978.400024
1212.558308	1975.0
1213.10732	1957.199951
1213.656275	1968.800049
1214.205174	1982.0
1214.754016	1976.400024
1215.302801	1981.400024
1215.85153	1975.400024
1216.400203	1981.0
1216.948819	1968.599976
1217.497378	1949.0
1218.045881	1944.599976
1218.594327	1963.800049
1219.142717	1969.400024
1219.691051	1971.599976
1220.239327	1942.0
1220.787548	1957.400024
1221.335712	1970.199951
1221.883819	1961.0
1222.43187	1950.199951
1222.979864	1952.599976
1223.527802	1962.599976
1224.075683	1954.800049
1224.623508	1955.0
1225.171277	1952.400024
1225.718989	1942.599976
1226.266644	1934.800049
1226.814243	1945.400024
1227.361786	1931.800049
1227.909272	1939.0
1228.456702	1955.0
1229.004075	1944.800049
1229.551392	1945.800049
1230.098652	1951.599976
1230.645856	1937.400024
1231.193003	1942.599976
1231.740094	1931.400024
1232.287129	1947.800049
1232.834107	1940.599976
1233.381029	1928.0
1233.927894	1946.599976
1234.474703	1936.199951
1235.021455	1924.0
1235.568151	1912.599976
1236.114791	1915.199951
1236.661374	1921.400024
1237.207901	1928.400024
1237.754372	1924.800049
1238.300786	1926.599976
1238.847144	1922.400024
1239.393445	1906.199951
1239.93969	1911.199951
1240.485879	1914.199951
1241.032011	1924.0
1241.578087	1914.599976
1242.124106	1911.800049
1242.67007	1909.400024
1243.215976	1899.400024
1243.761827	1914.0
1244.307621	1890.400024
1244.853359	1896.599976
1245.39904	1935.599976
1245.944665	1924.0
1246.490234	1921.400024
1247.035746	1925.0
1247.581203	1898.400024
1248.126602	1891.599976
1248.671946	1886.0
1249.217233	1911.400024
1249.762464	1927.599976
1250.307638	1909.400024
1250.852757	1914.400024
1251.397819	1906.599976
1251.942824	1897.199951
1252.487774	1922.800049
1253.032667	1879.0
1253.577503	1909.400024
1254.122284	1879.0
1254.667008	1888.800049
1255.211676	1885.400024
1255.756288	1898.599976
1256.300843	1893.599976
1256.845342	1903.199951
1257.389785	1879.599976
1257.934172	1897.400024
1258.478502	1900.199951
1259.022776	1884.800049
1259.566994	1890.599976
1260.111156	1906.400024
1260.655261	1878.400024
1261.199311	1885.599976
1261.743304	1906.599976
1262.28724	1870.800049
1262.831121	1873.800049
1263.374945	1885.199951
1263.918713	1891.199951
1264.462425	1883.199951
1265.006081	1873.800049
1265.54968	1883.800049
1266.093223	1900.599976
1266.636711	1874.400024
1267.180141	1880.400024
1267.723516	1867.599976
1268.266835	1862.199951
1268.810097	1876.199951
1269.353303	1889.199951
1269.896453	1878.800049
1270.439547	1849.599976
1270.982584	1863.599976
1271.525566	1867.599976
1272.068491	1877.0
1272.61136	1872.599976
1273.154173	1873.199951
1273.69693	1868.199951
1274.239631	1864.400024
1274.782275	1890.400024
1275.324864	1854.0
1275.867396	1861.800049
1276.409872	1853.400024
1276.952292	1859.599976
1277.494656	1879.599976
1278.036964	1858.0
1278.579215	1864.599976
1279.121411	1872.199951
1279.66355	1856.0
1280.205634	1856.0
1280.747661	1875.800049
1281.289632	1856.0
1281.831547	1835.400024
1282.373406	1859.199951
1282.915209	1859.0
1283.456955	1846.599976
1283.998646	1856.0
1284.540281	1867.800049
1285.081859	1866.0
1285.623381	1917.400024
1286.164848	2195.800049
1286.706258	2056.600098
1287.247612	1896.599976
1287.788911	1852.0
1288.330153	1845.599976
1288.871339	1862.400024
1289.412469	1851.400024
1289.953543	1834.0
1290.494561	1837.599976
1291.035523	1824.599976
1291.576428	1851.599976
1292.117278	1845.599976
1292.658072	1830.800049
1293.19881	1849.800049
1293.739492	1823.599976
1294.280118	1831.0
1294.820687	1833.400024
1295.361201	1834.0
1295.901659	1825.0
1296.442061	1816.0
1296.982406	1820.599976
1297.522696	1826.400024
1298.06293	1813.599976
1298.603108	1842.0
1299.143229	1822.800049
1299.683295	1830.800049
1300.223305	1824.599976
1300.763259	1826.599976
1301.303157	1822.0
1301.842999	1829.0
1302.382785	1820.599976
1302.922515	1802.0
1303.462189	1797.199951
1304.001807	1832.800049
1304.541369	1826.599976
1305.080875	1822.800049
1305.620326	1816.400024
1306.15972	1819.199951
1306.699058	1818.800049
1307.238341	1821.199951
1307.777567	1816.0
1308.316738	1805.800049
1308.855853	1791.400024
1309.394912	1811.800049
1309.933915	1822.800049
1310.472862	1790.800049
1311.011753	1804.800049
1311.550588	1799.400024
1312.089367	1808.400024
1312.62809	1796.800049
1313.166758	1803.800049
1313.70537	1806.199951
1314.243925	1805.400024
1314.782425	1788.599976
1315.320869	1794.599976
1315.859257	1780.0
1316.397589	1789.400024
1316.935866	1792.800049
1317.474086	1789.400024
1318.012251	1793.0
1318.55036	1797.400024
1319.088413	1803.400024
1319.62641	1792.800049
1320.164351	1791.400024
1320.702236	1792.0
1321.240066	1805.599976
1321.777839	1784.199951
1322.315557	1813.199951
1322.853219	1780.400024
1323.390826	1785.599976
1323.928376	1793.599976
1324.465871	1791.599976
1325.003309	1768.400024
1325.540692	1787.0
1326.07802	1773.199951
1326.615291	1788.199951
1327.152506	1792.400024
1327.689666	1781.800049
1328.22677	1790.0
1328.763818	1769.800049
1329.300811	1782.800049
1329.837747	1771.199951
1330.374628	1772.400024
1330.911453	1788.800049
1331.448222	1793.0
1331.984936	1763.0
1332.521594	1765.400024
1333.058196	1765.0
1333.594742	1777.800049
1334.131232	1769.199951
1334.667667	1785.199951
1335.204046	1765.400024
1335.740369	1781.199951
1336.276637	1775.0
1336.812848	1781.0
1337.349004	1762.599976
1337.885105	1768.199951
1338.421149	1751.599976
1338.957138	1759.599976
1339.493071	1769.400024
1340.028949	1775.599976
1340.56477	1761.800049
1341.100536	1747.0
1341.636246	1766.0
1342.171901	1749.800049
1342.7075	1766.199951
1343.243043	1748.199951
1343.77853	1751.199951
1344.313962	1748.599976
1344.849338	1759.800049
1345.384659	1755.400024
1345.919923	1753.599976
1346.455133	1764.800049
1346.990286	1743.800049
1347.525384	1729.800049
1348.060426	1756.800049
1348.595412	1742.400024
1349.130343	1755.800049
1349.665218	1740.400024
1350.200037	1758.400024
1350.734801	1754.400024
1351.269509	1744.800049
1351.804162	1754.800049
1352.338758	1752.0
1352.8733	1746.599976
1353.407785	1746.400024
1353.942215	1742.199951
1354.476589	1751.800049
1355.010908	1759.0
1355.545171	1741.400024
1356.079379	1734.800049
1356.61353	1734.400024
1357.147627	1734.199951
1357.681667	1726.0
1358.215652	1734.199951
1358.749582	1736.400024
1359.283456	1746.400024
1359.817274	1732.199951
1360.351037	1753.599976
1360.884744	1732.0
1361.418395	1711.800049
1361.951991	1746.800049
1362.485531	1720.800049
1363.019016	1718.599976
1363.552445	1732.599976
1364.085819	1738.199951
1364.619137	1725.400024
1365.1524	1729.0
1365.685607	1721.199951
1366.218758	1738.800049
1366.751854	1717.199951
1367.284894	1743.0
1367.817879	1714.199951
1368.350808	1721.599976
1368.883682	1732.400024
1369.4165	1731.0
1369.949263	1733.400024
1370.48197	1717.800049
1371.014622	1731.199951
1371.547218	1717.199951
1372.079758	1716.599976
1372.612244	1724.599976
1373.144673	1715.599976
1373.677047	1720.800049
1374.209366	1717.0
1374.741629	1709.400024
1375.273836	1706.400024
1375.805989	1714.199951
1376.338085	1725.400024
1376.870126	1695.199951
1377.402112	1719.199951
1377.934042	1703.199951
1378.465917	1721.800049
1378.997736	1712.199951
1379.5295	1708.199951
1380.061208	1702.199951
1380.592861	1706.0
1381.124459	1701.199951
1381.656	1700.0
1382.187487	1717.599976
1382.718918	1696.800049
1383.250294	1717.0
1383.781614	1709.400024
1384.312879	1693.400024
1384.844088	1704.400024
1385.375242	1713.599976
1385.90634	1702.400024
1386.437383	1700.400024
1386.968371	1700.800049
1387.499303	1696.0
1388.03018	1703.599976
1388.561001	1740.599976
1389.091767	2131.399902
1389.622478	2181.0
1390.153133	1766.199951
1390.683733	1715.599976
1391.214277	1706.599976
1391.744766	1692.800049
1392.2752	1684.800049
1392.805578	1707.800049
1393.335901	1695.400024
1393.866168	1690.0
1394.396381	1693.199951
1394.926537	1677.0
1395.456639	1699.400024
1395.986685	1687.800049
1396.516675	1684.800049
1397.046611	1686.199951
1397.576491	1693.0
1398.106315	1693.400024
1398.636084	1687.0
1399.165798	1685.0
1399.695457	1685.199951
1400.22506	1677.400024
1400.754608	1689.800049
1401.284101	1686.400024
1401.813538	1678.800049
1402.34292	1687.800049
1402.872247	1686.199951
1403.401518	1694.0
1403.930734	1671.199951
1404.459895	1671.199951
1404.989	1683.599976
1405.51805	1674.0
1406.047045	1666.800049
1406.575984	1684.800049
1407.104869	1669.199951
1407.633697	1680.199951
1408.162471	1685.199951
1408.691189	1663.599976
1409.219852	1692.599976
1409.74846	1687.599976
1410.277013	1706.400024
1410.80551	1721.199951
1411.333952	1698.400024
1411.862339	1667.400024
1412.39067	1690.599976
1412.918946	1671.599976
1413.447167	1667.400024
1413.975333	1691.199951
1414.503444	1671.400024
1415.031499	1666.599976
1415.559499	1679.0
1416.087444	1679.800049
1416.615333	1659.199951
1417.143167	1664.599976
1417.670947	1665.0
1418.19867	1672.599976
1418.726339	1669.199951
1419.253952	1668.199951
1419.781511	1652.599976
1420.309014	1653.400024
1420.836461	1667.599976
1421.363854	1660.800049
1421.891191	1668.800049
1422.418474	1663.599976
1422.945701	1690.199951
1423.472872	1677.800049
1423.999989	1681.599976
1424.52705	1669.599976
1425.054057	1660.599976
1425.581008	1677.400024
1426.107904	1672.800049
1426.634745	1671.800049
1427.16153	1676.400024
1427.688261	1652.199951
1428.214936	1657.599976
1428.741556	1665.800049
1429.268121	1660.800049
1429.794631	1652.800049
1430.321085	1639.0
1430.847485	1640.0
1431.373829	1661.599976
1431.900118	1655.199951
1432.426353	1642.199951
1432.952532	1652.199951
1433.478655	1641.0
1434.004724	1661.0
1434.530738	1647.800049
1435.056696	1648.400024
1435.5826	1647.199951
1436.108448	1640.0
1436.634241	1640.400024
1437.159979	1645.0
1437.685662	1666.400024
1438.21129	1651.800049
1438.736863	1646.199951
1439.262381	1624.400024
1439.787843	1631.199951
1440.313251	1623.599976
1440.838603	1632.400024
1441.3639	1655.800049
1441.889143	1636.400024
1442.41433	1639.0
1442.939462	1650.199951
1443.464539	1645.599976
1443.989561	1644.599976
1444.514528	1633.400024
1445.03944	1617.800049
1445.564297	1646.0
1446.089099	1646.800049
1446.613846	1631.599976
1447.138537	1626.0
1447.663174	1627.0
1448.187756	1644.800049
1448.712282	1629.199951
1449.236754	1642.599976
1449.761171	1631.0
1450.285532	1632.599976
1450.809839	1642.400024
1451.33409	1631.199951
1451.858287	1619.599976
1452.382428	1626.199951
1452.906515	1615.400024
1453.430546	1637.0
1453.954523	1611.800049
1454.478444	1624.400024
1455.002311	1632.400024
1455.526123	1619.800049
1456.049879	1623.800049
1456.573581	1616.0
1457.097227	1640.0
1457.620819	1617.800049
1458.144356	1633.599976
1458.667837	1619.599976
1459.191264	1616.800049
1459.714636	1630.0
1460.237952	1626.0
1460.761214	1630.800049
1461.284421	1621.800049
1461.807573	1614.599976
1462.33067	1608.0
1462.853712	1642.800049
1463.376699	1622.0
1463.899632	1612.199951
1464.422509	1603.400024
1464.945331	1608.599976
1465.468099	1615.599976
1465.990811	1603.199951
1466.513469	1614.599976
1467.036071	1625.400024
1467.558619	1619.599976
1468.081112	1597.599976
1468.60355	1617.599976
1469.125933	1582.800049
1469.648261	1610.199951
1470.170534	1616.0
1470.692752	1612.800049
1471.214916	1596.400024
1471.737024	1605.599976
1472.259078	1601.800049
1472.781077	1605.599976
1473.303021	1607.199951
1473.82491	1609.0
1474.346744	1605.0
1474.868523	1599.400024
1475.390248	1599.199951
1475.911917	1603.0
1476.433532	1597.400024
1476.955092	1586.400024
1477.476597	1599.199951
1477.998047	1589.0
1478.519442	1598.599976
1479.040783	1590.0
1479.562068	1598.800049
1480.083299	1594.599976
1480.604475	1607.0
1481.125596	1589.400024
1481.646663	1582.599976
1482.167674	1595.800049
1482.688631	1597.0
1483.209533	1576.0
1483.73038	1589.0
1484.251172	1593.800049
1484.771909	1582.0
1485.292592	1597.199951
1485.81322	1585.599976
1486.333793	1575.0
1486.854311	1607.0
1487.374775	1574.599976
1487.895183	1596.400024
1488.415537	1571.599976
1488.935836	1583.400024
1489.456081	1581.599976
1489.97627	1592.400024
1490.496405	1594.0
1491.016485	1583.0
1491.536511	1579.199951
1492.056481	1577.199951
1492.576397	1576.0
1493.096258	1574.800049
1493.616064	1570.400024
1494.135816	1575.800049
1494.655513	1568.800049
1495.175155	1567.599976
1495.694742	1585.800049
1496.214274	1576.400024
1496.733752	1580.0
1497.253175	1584.599976
1497.772544	1578.400024
1498.291858	1548.199951
1498.811116	1576.0
1499.330321	1565.199951
1499.84947	1599.599976
1500.368565	1572.0
1500.887605	1561.0
1501.406591	1561.400024
1501.925521	1561.599976
1502.444397	1564.400024
1502.963219	1576.800049
1503.481985	1555.400024
1504.000697	1555.599976
1504.519355	1542.800049
1505.037957	1562.599976
1505.556505	1563.199951
1506.074999	1564.199951
1506.593437	1565.800049
1507.111821	1572.199951
1507.63015	1556.0
1508.148425	1539.800049
1508.666645	1539.800049
1509.18481	1561.199951
1509.702921	1565.800049
1510.220977	1564.400024
1510.738979	1566.800049
1511.256925	1562.800049
1511.774817	1557.599976
1512.292655	1545.599976
1512.810438	1567.599976
1513.328166	1563.800049
1513.84584	1543.599976
1514.363459	1545.0
1514.881023	1569.0
1515.398533	1553.0
1515.915988	1554.400024
1516.433389	1556.0
1516.950734	1551.599976
1517.468026	1559.199951
1517.985263	1561.800049
1518.502445	1567.400024
1519.019572	1530.800049
1519.536645	1546.199951
1520.053664	1545.599976
1520.570628	1545.800049
1521.087537	1557.599976
1521.604392	1542.400024
1522.121192	1522.599976
1522.637937	1542.400024
1523.154628	1540.599976
1523.671265	1549.800049
1524.187847	1545.400024
1524.704374	1554.0
1525.220847	1550.800049
1525.737265	1551.199951
1526.253629	1534.199951
1526.769938	1547.599976
1527.286192	1528.599976
1527.802392	1538.199951
1528.318538	1543.800049
1528.834629	1546.400024
1529.350666	1546.599976
1529.866648	1534.800049
1530.382575	1546.599976
1530.898448	1536.400024
1531.414266	1545.0
1531.93003	1542.800049
1532.44574	1541.0
1532.961395	1538.400024
1533.476995	1535.199951
1533.992541	1522.800049
1534.508033	1544.199951
1535.02347	1542.0
1535.538852	1533.199951
1536.05418	1540.199951
1536.569454	1528.199951
1537.084673	1530.800049
1537.599837	1527.800049
1538.114947	1545.800049
1538.630003	1522.599976
1539.145004	1530.400024
1539.659951	1534.199951
1540.174843	1540.199951
1540.689681	1539.0
1541.204465	1523.400024
1541.719194	1527.400024
1542.233868	1534.400024
1542.748488	1527.0
1543.263054	1531.800049
1543.777565	1529.599976
1544.292022	1517.199951
1544.806424	1529.0
1545.320772	1539.0
1545.835066	1531.199951
1546.349305	1545.0
1546.863489	1532.800049
1547.37762	1527.599976
1547.891696	1502.0
1548.405717	1529.800049
1548.919684	1534.599976
1549.433597	1530.400024
1549.947455	1531.199951
1550.461259	1527.0
1550.975009	1530.800049
1551.488704	1537.800049
1552.002345	1514.800049
1552.515931	1535.199951
1553.029463	1543.0
1553.542941	1515.199951
1554.056364	1528.0
1554.569733	1516.599976
1555.083048	1526.599976
1555.596308	1527.0
1556.109514	1527.199951
1556.622665	1520.400024
1557.135762	1538.199951
1557.648805	1528.599976
1558.161794	1510.800049
1558.674728	1514.0
1559.187608	1507.199951
1559.700433	1519.199951
1560.213205	1539.0
1560.725921	1521.800049
1561.238584	1504.599976
1561.751192	1529.199951
1562.263746	1515.800049
1562.776246	1522.599976
1563.288691	1529.599976
1563.801082	1517.400024
1564.313419	1512.400024
1564.825701	1524.199951
1565.337929	1514.199951
1565.850103	1518.0
1566.362223	1508.800049
1566.874288	1517.199951
1567.386299	1519.599976
1567.898256	1514.599976
1568.410158	1516.400024
1568.922007	1501.400024
1569.4338	1520.800049
1569.94554	1502.800049
1570.457226	1492.599976
1570.968857	1504.800049
1571.480434	1517.199951
1571.991956	1511.599976
1572.503425	1512.400024
1573.014839	1516.199951
1573.526199	1512.199951
1574.037505	1508.199951
1574.548756	1503.0
1575.059953	1511.0
1575.571096	1494.800049
1576.082185	1508.599976
1576.59322	1508.599976
1577.1042	1508.400024
1577.615126	1529.400024
1578.125998	1510.0
1578.636816	1509.599976
1579.14758	1512.599976
1579.658289	1513.800049
1580.168944	1501.400024
1580.679545	1503.400024
1581.190092	1503.199951
1581.700585	1490.0
1582.211023	1513.400024
1582.721407	1505.800049
1583.231737	1501.0
1583.742013	1505.800049
1584.252235	1506.0
1584.762403	1501.199951
1585.272516	1486.800049
1585.782575	1497.199951
1586.292581	1491.800049
1586.802532	1496.400024
1587.312428	1495.800049
1587.822271	1491.599976
1588.33206	1492.800049
1588.841794	1494.800049
1589.351474	1510.400024
1589.8611	1477.199951
1590.370672	1513.0
1590.88019	1501.800049
1591.389654	1484.800049
1591.899064	1497.800049
