 1.042452273E+03	 1.786800049E+03
 1.043018714E+03	 1.806199951E+03
 1.043585098E+03	 1.784199951E+03
 1.044151424E+03	 1.796599976E+03
 1.044717692E+03	 1.782599976E+03
 1.045283903E+03	 1.797400024E+03
 1.045850056E+03	 1.771199951E+03
 1.046416151E+03	 1.777400024E+03
 1.046982188E+03	 1.773800049E+03
 1.047548167E+03	 1.773000000E+03
 1.048114089E+03	 1.775400024E+03
 1.048679953E+03	 1.769000000E+03
 1.049245760E+03	 1.776000000E+03
 1.049811509E+03	 1.763800049E+03
 1.050377200E+03	 1.752000000E+03
 1.050942833E+03	 1.766800049E+03
 1.051508408E+03	 1.765800049E+03
 1.052073926E+03	 1.738000000E+03
 1.052639387E+03	 1.757199951E+03
 1.053204789E+03	 1.781800049E+03
 1.053770134E+03	 1.758800049E+03
 1.054335421E+03	 1.758000000E+03
 1.054900651E+03	 1.749599976E+03
 1.055465823E+03	 1.745400024E+03
 1.056030937E+03	 1.761400024E+03
 1.056595993E+03	 1.764199951E+03
 1.057160992E+03	 1.757400024E+03
 1.057725934E+03	 1.763000000E+03
 1.058290817E+03	 1.762400024E+03
 1.058855643E+03	 1.736199951E+03
 1.059420411E+03	 1.749400024E+03
 1.059985122E+03	 1.746000000E+03
 1.060549775E+03	 1.764000000E+03
 1.061114371E+03	 1.751800049E+03
 1.061678908E+03	 1.744400024E+03
 1.062243389E+03	 1.741000000E+03
 1.062807811E+03	 1.712599976E+03
 1.063372176E+03	 1.735199951E+03
 1.063936483E+03	 1.745800049E+03
 1.064500733E+03	 1.737599976E+03
 1.065064925E+03	 1.735400024E+03
 1.065629060E+03	 1.714199951E+03
 1.066193137E+03	 1.751000000E+03
 1.066757156E+03	 1.742400024E+03
 1.067321118E+03	 1.743199951E+03
 1.067885022E+03	 1.720000000E+03
 1.068448869E+03	 1.736000000E+03
 1.069012658E+03	 1.732599976E+03
 1.069576390E+03	 1.734000000E+03
 1.070140063E+03	 1.731000000E+03
 1.070703680E+03	 1.737199951E+03
 1.071267239E+03	 1.737599976E+03
 1.071830740E+03	 1.736199951E+03
 1.072394184E+03	 1.746800049E+03
 1.072957570E+03	 1.724199951E+03
 1.073520899E+03	 1.722400024E+03
 1.074084170E+03	 1.726599976E+03
 1.074647383E+03	 1.730599976E+03
 1.075210540E+03	 1.727800049E+03
 1.075773638E+03	 1.730199951E+03
 1.076336679E+03	 1.716599976E+03
 1.076899663E+03	 1.711800049E+03
 1.077462589E+03	 1.714400024E+03
 1.078025457E+03	 1.708000000E+03
 1.078588268E+03	 1.723400024E+03
 1.079151022E+03	 1.711400024E+03
 1.079713718E+03	 1.719199951E+03
 1.080276356E+03	 1.697000000E+03
 1.080838937E+03	 1.716199951E+03
 1.081401461E+03	 1.711000000E+03
 1.081963927E+03	 1.716199951E+03
 1.082526336E+03	 1.697199951E+03
 1.083088687E+03	 1.702599976E+03
 1.083650981E+03	 1.697199951E+03
 1.084213217E+03	 1.717599976E+03
 1.084775396E+03	 1.694000000E+03
 1.085337517E+03	 1.707000000E+03
 1.085899581E+03	 1.693000000E+03
 1.086461587E+03	 1.695800049E+03
 1.087023536E+03	 1.706199951E+03
 1.087585428E+03	 1.695400024E+03
 1.088147262E+03	 1.699199951E+03
 1.088709039E+03	 1.700599976E+03
 1.089270758E+03	 1.693800049E+03
 1.089832420E+03	 1.686199951E+03
 1.090394024E+03	 1.671800049E+03
 1.090955571E+03	 1.698199951E+03
 1.091517061E+03	 1.675800049E+03
 1.092078493E+03	 1.682599976E+03
 1.092639868E+03	 1.682800049E+03
 1.093201185E+03	 1.693800049E+03
 1.093762445E+03	 1.679599976E+03
 1.094323648E+03	 1.696800049E+03
 1.094884793E+03	 1.684800049E+03
 1.095445881E+03	 1.682599976E+03
 1.096006911E+03	 1.661599976E+03
 1.096567884E+03	 1.682199951E+03
 1.097128800E+03	 1.687599976E+03
 1.097689659E+03	 1.679000000E+03
 1.098250460E+03	 1.663400024E+03
 1.098811203E+03	 1.672599976E+03
 1.099371890E+03	 1.666199951E+03
 1.099932518E+03	 1.684800049E+03
 1.100493090E+03	 1.678199951E+03
 1.101053604E+03	 1.672800049E+03
 1.101614061E+03	 1.673000000E+03
 1.102174461E+03	 1.683599976E+03
 1.102734803E+03	 1.663800049E+03
 1.103295088E+03	 1.690000000E+03
 1.103855316E+03	 1.655599976E+03
 1.104415486E+03	 1.676199951E+03
 1.104975599E+03	 1.665400024E+03
 1.105535655E+03	 1.663199951E+03
 1.106095653E+03	 1.656400024E+03
 1.106655594E+03	 1.665800049E+03
 1.107215478E+03	 1.660199951E+03
 1.107775305E+03	 1.650400024E+03
 1.108335074E+03	 1.659599976E+03
 1.108894786E+03	 1.653199951E+03
 1.109454440E+03	 1.626599976E+03
 1.110014038E+03	 1.658199951E+03
 1.110573578E+03	 1.640800049E+03
 1.111133061E+03	 1.674199951E+03
 1.111692486E+03	 1.653000000E+03
 1.112251854E+03	 1.655800049E+03
 1.112811165E+03	 1.634400024E+03
 1.113370419E+03	 1.632599976E+03
 1.113929616E+03	 1.640199951E+03
 1.114488755E+03	 1.641800049E+03
 1.115047837E+03	 1.633400024E+03
 1.115606862E+03	 1.670199951E+03
 1.116165830E+03	 1.642800049E+03
 1.116724740E+03	 1.648400024E+03
 1.117283593E+03	 1.638199951E+03
 1.117842389E+03	 1.637000000E+03
 1.118401128E+03	 1.628599976E+03
 1.118959809E+03	 1.644000000E+03
 1.119518433E+03	 1.645599976E+03
 1.120077000E+03	 1.651199951E+03
 1.120635510E+03	 1.646199951E+03
 1.121193963E+03	 1.650000000E+03
 1.121752358E+03	 1.634199951E+03
 1.122310697E+03	 1.638400024E+03
 1.122868978E+03	 1.625199951E+03
 1.123427202E+03	 1.629599976E+03
 1.123985368E+03	 1.628199951E+03
 1.124543478E+03	 1.626000000E+03
 1.125101530E+03	 1.632199951E+03
 1.125659526E+03	 1.634199951E+03
 1.126217464E+03	 1.615199951E+03
 1.126775345E+03	 1.647599976E+03
 1.127333168E+03	 1.635199951E+03
 1.127890935E+03	 1.608199951E+03
 1.128448644E+03	 1.629199951E+03
 1.129006297E+03	 1.630199951E+03
 1.129563892E+03	 1.618199951E+03
 1.130121430E+03	 1.637800049E+03
 1.130678911E+03	 1.612199951E+03
 1.131236335E+03	 1.608199951E+03
 1.131793701E+03	 1.625199951E+03
 1.132351011E+03	 1.639599976E+03
 1.132908263E+03	 1.615800049E+03
 1.133465458E+03	 1.618400024E+03
 1.134022597E+03	 1.625000000E+03
 1.134579678E+03	 1.625800049E+03
 1.135136702E+03	 1.636599976E+03
 1.135693669E+03	 1.622599976E+03
 1.136250578E+03	 1.621199951E+03
 1.136807431E+03	 1.624400024E+03
 1.137364227E+03	 1.625000000E+03
 1.137920965E+03	 1.619199951E+03
 1.138477647E+03	 1.623599976E+03
 1.139034271E+03	 1.631000000E+03
 1.139590839E+03	 1.621800049E+03
 1.140147349E+03	 1.628000000E+03
 1.140703802E+03	 1.613000000E+03
 1.141260198E+03	 1.619800049E+03
 1.141816537E+03	 1.636400024E+03
 1.142372820E+03	 1.613000000E+03
 1.142929045E+03	 1.615400024E+03
 1.143485213E+03	 1.604199951E+03
 1.144041323E+03	 1.617800049E+03
 1.144597377E+03	 1.615800049E+03
 1.145153374E+03	 1.625400024E+03
 1.145709314E+03	 1.616400024E+03
 1.146265197E+03	 1.609800049E+03
 1.146821023E+03	 1.619800049E+03
 1.147376792E+03	 1.612599976E+03
 1.147932503E+03	 1.619800049E+03
 1.148488158E+03	 1.622400024E+03
 1.149043756E+03	 1.615000000E+03
 1.149599297E+03	 1.617400024E+03
 1.150154781E+03	 1.616400024E+03
 1.150710207E+03	 1.625400024E+03
 1.151265577E+03	 1.606800049E+03
 1.151820890E+03	 1.608400024E+03
 1.152376146E+03	 1.615599976E+03
 1.152931345E+03	 1.614800049E+03
 1.153486487E+03	 1.602800049E+03
 1.154041572E+03	 1.609800049E+03
 1.154596600E+03	 1.613400024E+03
 1.155151571E+03	 1.603199951E+03
 1.155706485E+03	 1.615800049E+03
 1.156261342E+03	 1.607199951E+03
 1.156816142E+03	 1.615599976E+03
 1.157370885E+03	 1.613800049E+03
 1.157925572E+03	 1.603000000E+03
 1.158480201E+03	 1.604800049E+03
 1.159034774E+03	 1.618199951E+03
 1.159589289E+03	 1.604800049E+03
 1.160143748E+03	 1.603199951E+03
 1.160698149E+03	 1.594000000E+03
 1.161252494E+03	 1.622400024E+03
 1.161806782E+03	 1.602000000E+03
 1.162361013E+03	 1.613599976E+03
 1.162915187E+03	 1.601400024E+03
 1.163469304E+03	 1.610800049E+03
 1.164023364E+03	 1.598400024E+03
 1.164577368E+03	 1.601000000E+03
 1.165131314E+03	 1.616800049E+03
 1.165685204E+03	 1.606599976E+03
 1.166239036E+03	 1.606400024E+03
 1.166792812E+03	 1.606599976E+03
 1.167346531E+03	 1.610400024E+03
 1.167900193E+03	 1.592800049E+03
 1.168453798E+03	 1.591599976E+03
 1.169007347E+03	 1.604599976E+03
 1.169560838E+03	 1.606000000E+03
 1.170114273E+03	 1.582800049E+03
 1.170667650E+03	 1.590000000E+03
 1.171220971E+03	 1.596000000E+03
 1.171774235E+03	 1.606599976E+03
 1.172327443E+03	 1.604199951E+03
 1.172880593E+03	 1.606400024E+03
 1.173433687E+03	 1.586599976E+03
 1.173986723E+03	 1.594599976E+03
 1.174539703E+03	 1.594800049E+03
 1.175092626E+03	 1.586199951E+03
 1.175645493E+03	 1.574000000E+03
 1.176198302E+03	 1.595599976E+03
 1.176751055E+03	 1.590000000E+03
 1.177303751E+03	 1.589800049E+03
 1.177856390E+03	 1.588800049E+03
 1.178408972E+03	 1.598000000E+03
 1.178961498E+03	 1.587599976E+03
 1.179513966E+03	 1.585400024E+03
 1.180066378E+03	 1.577599976E+03
 1.180618733E+03	 1.583000000E+03
 1.181171032E+03	 1.599000000E+03
 1.181723273E+03	 1.577000000E+03
 1.182275458E+03	 1.598400024E+03
 1.182827586E+03	 1.575599976E+03
 1.183379657E+03	 1.586400024E+03
 1.183931672E+03	 1.563000000E+03
 1.184483630E+03	 1.578599976E+03
 1.185035531E+03	 1.585599976E+03
 1.185587375E+03	 1.580800049E+03
 1.186139162E+03	 1.572000000E+03
 1.186690893E+03	 1.581000000E+03
 1.187242567E+03	 1.575800049E+03
 1.187794184E+03	 1.578000000E+03
 1.188345745E+03	 1.579800049E+03
 1.188897249E+03	 1.582800049E+03
 1.189448696E+03	 1.576599976E+03
 1.190000086E+03	 1.587400024E+03
 1.190551420E+03	 1.563199951E+03
 1.191102697E+03	 1.586400024E+03
 1.191653918E+03	 1.595000000E+03
 1.192205081E+03	 1.574599976E+03
 1.192756188E+03	 1.570000000E+03
 1.193307238E+03	 1.581199951E+03
 1.193858232E+03	 1.571000000E+03
 1.194409169E+03	 1.573400024E+03
 1.194960049E+03	 1.572599976E+03
 1.195510872E+03	 1.592800049E+03
 1.196061639E+03	 1.560800049E+03
 1.196612349E+03	 1.566199951E+03
 1.197163003E+03	 1.581199951E+03
 1.197713599E+03	 1.572199951E+03
 1.198264139E+03	 1.560199951E+03
 1.198814623E+03	 1.560400024E+03
 1.199365050E+03	 1.549199951E+03
 1.199915420E+03	 1.566599976E+03
 1.200465734E+03	 1.557800049E+03
 1.201015990E+03	 1.567400024E+03
 1.201566191E+03	 1.563199951E+03
 1.202116334E+03	 1.559000000E+03
 1.202666421E+03	 1.581800049E+03
 1.203216452E+03	 1.557599976E+03
 1.203766425E+03	 1.558000000E+03
 1.204316343E+03	 1.572199951E+03
 1.204866203E+03	 1.567000000E+03
 1.205416007E+03	 1.556400024E+03
 1.205965754E+03	 1.550400024E+03
 1.206515445E+03	 1.556199951E+03
 1.207065079E+03	 1.553400024E+03
 1.207614657E+03	 1.550400024E+03
 1.208164177E+03	 1.563400024E+03
 1.208713642E+03	 1.554800049E+03
 1.209263050E+03	 1.566199951E+03
 1.209812401E+03	 1.543800049E+03
 1.210361695E+03	 1.549599976E+03
 1.210910933E+03	 1.552800049E+03
 1.211460115E+03	 1.555599976E+03
 1.212009240E+03	 1.546800049E+03
 1.212558308E+03	 1.563000000E+03
 1.213107320E+03	 1.524199951E+03
 1.213656275E+03	 1.545000000E+03
 1.214205174E+03	 1.560199951E+03
 1.214754016E+03	 1.543199951E+03
 1.215302801E+03	 1.551199951E+03
 1.215851530E+03	 1.533800049E+03
 1.216400203E+03	 1.532599976E+03
 1.216948819E+03	 1.533000000E+03
 1.217497378E+03	 1.553800049E+03
 1.218045881E+03	 1.537000000E+03
 1.218594327E+03	 1.555599976E+03
 1.219142717E+03	 1.547800049E+03
 1.219691051E+03	 1.546000000E+03
 1.220239327E+03	 1.544599976E+03
 1.220787548E+03	 1.534199951E+03
 1.221335712E+03	 1.534599976E+03
 1.221883819E+03	 1.541400024E+03
 1.222431870E+03	 1.531400024E+03
 1.222979864E+03	 1.543000000E+03
 1.223527802E+03	 1.539800049E+03
 1.224075683E+03	 1.533000000E+03
 1.224623508E+03	 1.533000000E+03
 1.225171277E+03	 1.531000000E+03
 1.225718989E+03	 1.539599976E+03
 1.226266644E+03	 1.534199951E+03
 1.226814243E+03	 1.519800049E+03
 1.227361786E+03	 1.523400024E+03
 1.227909272E+03	 1.551199951E+03
 1.228456702E+03	 1.541400024E+03
 1.229004075E+03	 1.531599976E+03
 1.229551392E+03	 1.534199951E+03
 1.230098652E+03	 1.527599976E+03
 1.230645856E+03	 1.543599976E+03
 1.231193003E+03	 1.531400024E+03
 1.231740094E+03	 1.528000000E+03
 1.232287129E+03	 1.520599976E+03
 1.232834107E+03	 1.524599976E+03
 1.233381029E+03	 1.533000000E+03
 1.233927894E+03	 1.536400024E+03
 1.234474703E+03	 1.523400024E+03
 1.235021455E+03	 1.529599976E+03
 1.235568151E+03	 1.540599976E+03
 1.236114791E+03	 1.513000000E+03
 1.236661374E+03	 1.532000000E+03
 1.237207901E+03	 1.525800049E+03
 1.237754372E+03	 1.525599976E+03
 1.238300786E+03	 1.523000000E+03
 1.238847144E+03	 1.517199951E+03
 1.239393445E+03	 1.504199951E+03
 1.239939690E+03	 1.511000000E+03
 1.240485879E+03	 1.525599976E+03
 1.241032011E+03	 1.518400024E+03
 1.241578087E+03	 1.508000000E+03
 1.242124106E+03	 1.513199951E+03
 1.242670070E+03	 1.506000000E+03
 1.243215976E+03	 1.511599976E+03
 1.243761827E+03	 1.521400024E+03
 1.244307621E+03	 1.504000000E+03
 1.244853359E+03	 1.509400024E+03
 1.245399040E+03	 1.520000000E+03
 1.245944665E+03	 1.512400024E+03
 1.246490234E+03	 1.523400024E+03
 1.247035746E+03	 1.508599976E+03
 1.247581203E+03	 1.517199951E+03
 1.248126602E+03	 1.515400024E+03
 1.248671946E+03	 1.509199951E+03
 1.249217233E+03	 1.511800049E+03
 1.249762464E+03	 1.507000000E+03
 1.250307638E+03	 1.503800049E+03
 1.250852757E+03	 1.507199951E+03
 1.251397819E+03	 1.522400024E+03
 1.251942824E+03	 1.509000000E+03
 1.252487774E+03	 1.507000000E+03
 1.253032667E+03	 1.518400024E+03
 1.253577503E+03	 1.509400024E+03
 1.254122284E+03	 1.508800049E+03
 1.254667008E+03	 1.519199951E+03
 1.255211676E+03	 1.514199951E+03
 1.255756288E+03	 1.505199951E+03
 1.256300843E+03	 1.499800049E+03
 1.256845342E+03	 1.502000000E+03
 1.257389785E+03	 1.499000000E+03
 1.257934172E+03	 1.503400024E+03
 1.258478502E+03	 1.502599976E+03
 1.259022776E+03	 1.506800049E+03
 1.259566994E+03	 1.498400024E+03
 1.260111156E+03	 1.513199951E+03
 1.260655261E+03	 1.487800049E+03
 1.261199311E+03	 1.487400024E+03
 1.261743304E+03	 1.490599976E+03
 1.262287240E+03	 1.501400024E+03
 1.262831121E+03	 1.484000000E+03
 1.263374945E+03	 1.490400024E+03
 1.263918713E+03	 1.497800049E+03
 1.264462425E+03	 1.495599976E+03
 1.265006081E+03	 1.500199951E+03
 1.265549680E+03	 1.506400024E+03
 1.266093223E+03	 1.520000000E+03
 1.266636711E+03	 1.494599976E+03
 1.267180141E+03	 1.488000000E+03
 1.267723516E+03	 1.492400024E+03
 1.268266835E+03	 1.475599976E+03
 1.268810097E+03	 1.481599976E+03
 1.269353303E+03	 1.488000000E+03
 1.269896453E+03	 1.493800049E+03
 1.270439547E+03	 1.479599976E+03
 1.270982584E+03	 1.486000000E+03
 1.271525566E+03	 1.481000000E+03
 1.272068491E+03	 1.483000000E+03
 1.272611360E+03	 1.496400024E+03
 1.273154173E+03	 1.474400024E+03
 1.273696930E+03	 1.492400024E+03
 1.274239631E+03	 1.488599976E+03
 1.274782275E+03	 1.472800049E+03
 1.275324864E+03	 1.490000000E+03
 1.275867396E+03	 1.478400024E+03
 1.276409872E+03	 1.477199951E+03
 1.276952292E+03	 1.459400024E+03
 1.277494656E+03	 1.486800049E+03
 1.278036964E+03	 1.477000000E+03
 1.278579215E+03	 1.486599976E+03
 1.279121411E+03	 1.475199951E+03
 1.279663550E+03	 1.478800049E+03
 1.280205634E+03	 1.479800049E+03
 1.280747661E+03	 1.466199951E+03
 1.281289632E+03	 1.483000000E+03
 1.281831547E+03	 1.464199951E+03
 1.282373406E+03	 1.489599976E+03
 1.282915209E+03	 1.485199951E+03
 1.283456955E+03	 1.476199951E+03
 1.283998646E+03	 1.476400024E+03
 1.284540281E+03	 1.482800049E+03
 1.285081859E+03	 1.494800049E+03
 1.285623381E+03	 1.534800049E+03
 1.286164848E+03	 1.772599976E+03
 1.286706258E+03	 1.662599976E+03
 1.287247612E+03	 1.495599976E+03
 1.287788911E+03	 1.484000000E+03
 1.288330153E+03	 1.486000000E+03
 1.288871339E+03	 1.478199951E+03
 1.289412469E+03	 1.479000000E+03
 1.289953543E+03	 1.456599976E+03
 1.290494561E+03	 1.480000000E+03
 1.291035523E+03	 1.467800049E+03
 1.291576428E+03	 1.466800049E+03
 1.292117278E+03	 1.458199951E+03
 1.292658072E+03	 1.465400024E+03
 1.293198810E+03	 1.463800049E+03
 1.293739492E+03	 1.470000000E+03
 1.294280118E+03	 1.457400024E+03
 1.294820687E+03	 1.453599976E+03
 1.295361201E+03	 1.459800049E+03
 1.295901659E+03	 1.446599976E+03
 1.296442061E+03	 1.458199951E+03
 1.296982406E+03	 1.450599976E+03
 1.297522696E+03	 1.456000000E+03
 1.298062930E+03	 1.467599976E+03
 1.298603108E+03	 1.460400024E+03
 1.299143229E+03	 1.443400024E+03
 1.299683295E+03	 1.457800049E+03
 1.300223305E+03	 1.447000000E+03
 1.300763259E+03	 1.450599976E+03
 1.301303157E+03	 1.446599976E+03
 1.301842999E+03	 1.456599976E+03
 1.302382785E+03	 1.445400024E+03
 1.302922515E+03	 1.458800049E+03
 1.303462189E+03	 1.449599976E+03
 1.304001807E+03	 1.463599976E+03
 1.304541369E+03	 1.447000000E+03
 1.305080875E+03	 1.455599976E+03
 1.305620326E+03	 1.442400024E+03
 1.306159720E+03	 1.466000000E+03
 1.306699058E+03	 1.450599976E+03
 1.307238341E+03	 1.432400024E+03
 1.307777567E+03	 1.444400024E+03
 1.308316738E+03	 1.429400024E+03
 1.308855853E+03	 1.457400024E+03
 1.309394912E+03	 1.443599976E+03
 1.309933915E+03	 1.448199951E+03
 1.310472862E+03	 1.445199951E+03
 1.311011753E+03	 1.444599976E+03
 1.311550588E+03	 1.443000000E+03
 1.312089367E+03	 1.446000000E+03
 1.312628090E+03	 1.436000000E+03
 1.313166758E+03	 1.437400024E+03
 1.313705370E+03	 1.438199951E+03
 1.314243925E+03	 1.437800049E+03
 1.314782425E+03	 1.454800049E+03
 1.315320869E+03	 1.442000000E+03
 1.315859257E+03	 1.429599976E+03
 1.316397589E+03	 1.441599976E+03
 1.316935866E+03	 1.441400024E+03
 1.317474086E+03	 1.445599976E+03
 1.318012251E+03	 1.444800049E+03
 1.318550360E+03	 1.442599976E+03
 1.319088413E+03	 1.437800049E+03
 1.319626410E+03	 1.431199951E+03
 1.320164351E+03	 1.433800049E+03
 1.320702236E+03	 1.435400024E+03
 1.321240066E+03	 1.441199951E+03
 1.321777839E+03	 1.426800049E+03
 1.322315557E+03	 1.432400024E+03
 1.322853219E+03	 1.432800049E+03
 1.323390826E+03	 1.456000000E+03
 1.323928376E+03	 1.433199951E+03
 1.324465871E+03	 1.427800049E+03
 1.325003309E+03	 1.428800049E+03
 1.325540692E+03	 1.435000000E+03
 1.326078020E+03	 1.425199951E+03
 1.326615291E+03	 1.427599976E+03
 1.327152506E+03	 1.434199951E+03
 1.327689666E+03	 1.425800049E+03
 1.328226770E+03	 1.423400024E+03
 1.328763818E+03	 1.418400024E+03
 1.329300811E+03	 1.425599976E+03
 1.329837747E+03	 1.429000000E+03
 1.330374628E+03	 1.423400024E+03
 1.330911453E+03	 1.421800049E+03
 1.331448222E+03	 1.424199951E+03
 1.331984936E+03	 1.422199951E+03
 1.332521594E+03	 1.416800049E+03
 1.333058196E+03	 1.421000000E+03
 1.333594742E+03	 1.425800049E+03
 1.334131232E+03	 1.410599976E+03
 1.334667667E+03	 1.417000000E+03
 1.335204046E+03	 1.411800049E+03
 1.335740369E+03	 1.418199951E+03
 1.336276637E+03	 1.412400024E+03
 1.336812848E+03	 1.419400024E+03
 1.337349004E+03	 1.414599976E+03
 1.337885105E+03	 1.419199951E+03
 1.338421149E+03	 1.428800049E+03
 1.338957138E+03	 1.419199951E+03
 1.339493071E+03	 1.432199951E+03
 1.340028949E+03	 1.413400024E+03
 1.340564770E+03	 1.418599976E+03
 1.341100536E+03	 1.408400024E+03
 1.341636246E+03	 1.409400024E+03
 1.342171901E+03	 1.405199951E+03
 1.342707500E+03	 1.407400024E+03
 1.343243043E+03	 1.417000000E+03
 1.343778530E+03	 1.416400024E+03
 1.344313962E+03	 1.399400024E+03
 1.344849338E+03	 1.409000000E+03
 1.345384659E+03	 1.406800049E+03
 1.345919923E+03	 1.408599976E+03
 1.346455133E+03	 1.419000000E+03
 1.346990286E+03	 1.416599976E+03
 1.347525384E+03	 1.404199951E+03
 1.348060426E+03	 1.406400024E+03
 1.348595412E+03	 1.402400024E+03
 1.349130343E+03	 1.404000000E+03
 1.349665218E+03	 1.420599976E+03
 1.350200037E+03	 1.408400024E+03
 1.350734801E+03	 1.415199951E+03
 1.351269509E+03	 1.400800049E+03
 1.351804162E+03	 1.402199951E+03
 1.352338758E+03	 1.397000000E+03
 1.352873300E+03	 1.407199951E+03
 1.353407785E+03	 1.401199951E+03
 1.353942215E+03	 1.393599976E+03
 1.354476589E+03	 1.380199951E+03
 1.355010908E+03	 1.419400024E+03
 1.355545171E+03	 1.394800049E+03
 1.356079379E+03	 1.395000000E+03
 1.356613530E+03	 1.405800049E+03
 1.357147627E+03	 1.415199951E+03
 1.357681667E+03	 1.394000000E+03
 1.358215652E+03	 1.394000000E+03
 1.358749582E+03	 1.386599976E+03
 1.359283456E+03	 1.410000000E+03
 1.359817274E+03	 1.397000000E+03
 1.360351037E+03	 1.396599976E+03
 1.360884744E+03	 1.412000000E+03
 1.361418395E+03	 1.394199951E+03
 1.361951991E+03	 1.395400024E+03
 1.362485531E+03	 1.394400024E+03
 1.363019016E+03	 1.399400024E+03
 1.363552445E+03	 1.394400024E+03
 1.364085819E+03	 1.393400024E+03
 1.364619137E+03	 1.391599976E+03
 1.365152400E+03	 1.394199951E+03
 1.365685607E+03	 1.381400024E+03
 1.366218758E+03	 1.385000000E+03
 1.366751854E+03	 1.397599976E+03
 1.367284894E+03	 1.389000000E+03
 1.367817879E+03	 1.395800049E+03
 1.368350808E+03	 1.387800049E+03
 1.368883682E+03	 1.377400024E+03
 1.369416500E+03	 1.392000000E+03
 1.369949263E+03	 1.381400024E+03
 1.370481970E+03	 1.375400024E+03
 1.371014622E+03	 1.394800049E+03
 1.371547218E+03	 1.386000000E+03
 1.372079758E+03	 1.389000000E+03
 1.372612244E+03	 1.390599976E+03
 1.373144673E+03	 1.381400024E+03
 1.373677047E+03	 1.384199951E+03
 1.374209366E+03	 1.390800049E+03
 1.374741629E+03	 1.376199951E+03
 1.375273836E+03	 1.379800049E+03
 1.375805989E+03	 1.370000000E+03
 1.376338085E+03	 1.388400024E+03
 1.376870126E+03	 1.369000000E+03
 1.377402112E+03	 1.383000000E+03
 1.377934042E+03	 1.376000000E+03
 1.378465917E+03	 1.388400024E+03
 1.378997736E+03	 1.372599976E+03
 1.379529500E+03	 1.377599976E+03
 1.380061208E+03	 1.393199951E+03
 1.380592861E+03	 1.368599976E+03
 1.381124459E+03	 1.360599976E+03
 1.381656000E+03	 1.375199951E+03
 1.382187487E+03	 1.379400024E+03
 1.382718918E+03	 1.368800049E+03
 1.383250294E+03	 1.373400024E+03
 1.383781614E+03	 1.374199951E+03
 1.384312879E+03	 1.383800049E+03
 1.384844088E+03	 1.377000000E+03
 1.385375242E+03	 1.384199951E+03
 1.385906340E+03	 1.370400024E+03
 1.386437383E+03	 1.375000000E+03
 1.386968371E+03	 1.363599976E+03
 1.387499303E+03	 1.376400024E+03
 1.388030180E+03	 1.372599976E+03
 1.388561001E+03	 1.402000000E+03
 1.389091767E+03	 1.743400024E+03
 1.389622478E+03	 1.774000000E+03
 1.390153133E+03	 1.415199951E+03
 1.390683733E+03	 1.371800049E+03
 1.391214277E+03	 1.374800049E+03
 1.391744766E+03	 1.361400024E+03
 1.392275200E+03	 1.374800049E+03
 1.392805578E+03	 1.375199951E+03
 1.393335901E+03	 1.368000000E+03
 1.393866168E+03	 1.359400024E+03
 1.394396381E+03	 1.383400024E+03
 1.394926537E+03	 1.384400024E+03
 1.395456639E+03	 1.377800049E+03
 1.395986685E+03	 1.377800049E+03
 1.396516675E+03	 1.385000000E+03
 1.397046611E+03	 1.363400024E+03
 1.397576491E+03	 1.367400024E+03
 1.398106315E+03	 1.369800049E+03
 1.398636084E+03	 1.360800049E+03
 1.399165798E+03	 1.356000000E+03
 1.399695457E+03	 1.368800049E+03
 1.400225060E+03	 1.365800049E+03
 1.400754608E+03	 1.373400024E+03
 1.401284101E+03	 1.363400024E+03
 1.401813538E+03	 1.360599976E+03
 1.402342920E+03	 1.352000000E+03
 1.402872247E+03	 1.363400024E+03
 1.403401518E+03	 1.365800049E+03
 1.403930734E+03	 1.339400024E+03
 1.404459895E+03	 1.360800049E+03
 1.404989000E+03	 1.368400024E+03
 1.405518050E+03	 1.361800049E+03
 1.406047045E+03	 1.355599976E+03
 1.406575984E+03	 1.345000000E+03
 1.407104869E+03	 1.361599976E+03
 1.407633697E+03	 1.369400024E+03
 1.408162471E+03	 1.369400024E+03
 1.408691189E+03	 1.346800049E+03
 1.409219852E+03	 1.350400024E+03
 1.409748460E+03	 1.360400024E+03
 1.410277013E+03	 1.389800049E+03
 1.410805510E+03	 1.379800049E+03
 1.411333952E+03	 1.373599976E+03
 1.411862339E+03	 1.357199951E+03
 1.412390670E+03	 1.348599976E+03
 1.412918946E+03	 1.355199951E+03
 1.413447167E+03	 1.346199951E+03
 1.413975333E+03	 1.351000000E+03
 1.414503444E+03	 1.342000000E+03
 1.415031499E+03	 1.364800049E+03
 1.415559499E+03	 1.361199951E+03
 1.416087444E+03	 1.363800049E+03
 1.416615333E+03	 1.339599976E+03
 1.417143167E+03	 1.345400024E+03
 1.417670947E+03	 1.348800049E+03
 1.418198670E+03	 1.352000000E+03
 1.418726339E+03	 1.340599976E+03
 1.419253952E+03	 1.352400024E+03
 1.419781511E+03	 1.343800049E+03
 1.420309014E+03	 1.360599976E+03
 1.420836461E+03	 1.336599976E+03
 1.421363854E+03	 1.335199951E+03
 1.421891191E+03	 1.347800049E+03
 1.422418474E+03	 1.356800049E+03
 1.422945701E+03	 1.345599976E+03
 1.423472872E+03	 1.342800049E+03
 1.423999989E+03	 1.345400024E+03
 1.424527050E+03	 1.353800049E+03
 1.425054057E+03	 1.343199951E+03
 1.425581008E+03	 1.335400024E+03
 1.426107904E+03	 1.346199951E+03
 1.426634745E+03	 1.357599976E+03
 1.427161530E+03	 1.345400024E+03
 1.427688261E+03	 1.343199951E+03
 1.428214936E+03	 1.335599976E+03
 1.428741556E+03	 1.326199951E+03
 1.429268121E+03	 1.369199951E+03
 1.429794631E+03	 1.353800049E+03
 1.430321085E+03	 1.356000000E+03
 1.430847485E+03	 1.336000000E+03
 1.431373829E+03	 1.336599976E+03
 1.431900118E+03	 1.359599976E+03
 1.432426353E+03	 1.324400024E+03
 1.432952532E+03	 1.336000000E+03
 1.433478655E+03	 1.333000000E+03
 1.434004724E+03	 1.340599976E+03
 1.434530738E+03	 1.325199951E+03
 1.435056696E+03	 1.341800049E+03
 1.435582600E+03	 1.334599976E+03
 1.436108448E+03	 1.345199951E+03
 1.436634241E+03	 1.346400024E+03
 1.437159979E+03	 1.342599976E+03
 1.437685662E+03	 1.339599976E+03
 1.438211290E+03	 1.332599976E+03
 1.438736863E+03	 1.341199951E+03
 1.439262381E+03	 1.335400024E+03
 1.439787843E+03	 1.330400024E+03
 1.440313251E+03	 1.331400024E+03
 1.440838603E+03	 1.339199951E+03
 1.441363900E+03	 1.325599976E+03
 1.441889143E+03	 1.328000000E+03
 1.442414330E+03	 1.333000000E+03
 1.442939462E+03	 1.333400024E+03
 1.443464539E+03	 1.325199951E+03
 1.443989561E+03	 1.331400024E+03
 1.444514528E+03	 1.338400024E+03
 1.445039440E+03	 1.320000000E+03
 1.445564297E+03	 1.315000000E+03
 1.446089099E+03	 1.320599976E+03
 1.446613846E+03	 1.336599976E+03
 1.447138537E+03	 1.326599976E+03
 1.447663174E+03	 1.327199951E+03
 1.448187756E+03	 1.345400024E+03
 1.448712282E+03	 1.332000000E+03
 1.449236754E+03	 1.322599976E+03
 1.449761171E+03	 1.315400024E+03
 1.450285532E+03	 1.322800049E+03
 1.450809839E+03	 1.305000000E+03
 1.451334090E+03	 1.314199951E+03
 1.451858287E+03	 1.317000000E+03
 1.452382428E+03	 1.318800049E+03
 1.452906515E+03	 1.318800049E+03
 1.453430546E+03	 1.327199951E+03
 1.453954523E+03	 1.324199951E+03
 1.454478444E+03	 1.314800049E+03
 1.455002311E+03	 1.343599976E+03
 1.455526123E+03	 1.318199951E+03
 1.456049879E+03	 1.317400024E+03
 1.456573581E+03	 1.314599976E+03
 1.457097227E+03	 1.324400024E+03
 1.457620819E+03	 1.327000000E+03
 1.458144356E+03	 1.324000000E+03
 1.458667837E+03	 1.322599976E+03
 1.459191264E+03	 1.312000000E+03
 1.459714636E+03	 1.331199951E+03
 1.460237952E+03	 1.326800049E+03
 1.460761214E+03	 1.310400024E+03
 1.461284421E+03	 1.332800049E+03
 1.461807573E+03	 1.307800049E+03
 1.462330670E+03	 1.303800049E+03
 1.462853712E+03	 1.327199951E+03
 1.463376699E+03	 1.316400024E+03
 1.463899632E+03	 1.316400024E+03
 1.464422509E+03	 1.316400024E+03
 1.464945331E+03	 1.314800049E+03
 1.465468099E+03	 1.314800049E+03
 1.465990811E+03	 1.319199951E+03
 1.466513469E+03	 1.322599976E+03
 1.467036071E+03	 1.319800049E+03
 1.467558619E+03	 1.311599976E+03
 1.468081112E+03	 1.308400024E+03
 1.468603550E+03	 1.305800049E+03
 1.469125933E+03	 1.315000000E+03
 1.469648261E+03	 1.315199951E+03
 1.470170534E+03	 1.314000000E+03
 1.470692752E+03	 1.306000000E+03
 1.471214916E+03	 1.310800049E+03
 1.471737024E+03	 1.310000000E+03
 1.472259078E+03	 1.307000000E+03
 1.472781077E+03	 1.308199951E+03
 1.473303021E+03	 1.304000000E+03
 1.473824910E+03	 1.313599976E+03
 1.474346744E+03	 1.293400024E+03
 1.474868523E+03	 1.305800049E+03
 1.475390248E+03	 1.301000000E+03
 1.475911917E+03	 1.295599976E+03
 1.476433532E+03	 1.299000000E+03
 1.476955092E+03	 1.311199951E+03
 1.477476597E+03	 1.298199951E+03
 1.477998047E+03	 1.293000000E+03
 1.478519442E+03	 1.295599976E+03
 1.479040783E+03	 1.321800049E+03
 1.479562068E+03	 1.308800049E+03
 1.480083299E+03	 1.306599976E+03
 1.480604475E+03	 1.303000000E+03
 1.481125596E+03	 1.303199951E+03
 1.481646663E+03	 1.298199951E+03
 1.482167674E+03	 1.291199951E+03
 1.482688631E+03	 1.284000000E+03
 1.483209533E+03	 1.297400024E+03
 1.483730380E+03	 1.296800049E+03
 1.484251172E+03	 1.294400024E+03
 1.484771909E+03	 1.298400024E+03
 1.485292592E+03	 1.303199951E+03
 1.485813220E+03	 1.287800049E+03
 1.486333793E+03	 1.289000000E+03
 1.486854311E+03	 1.299000000E+03
 1.487374775E+03	 1.302599976E+03
 1.487895183E+03	 1.304199951E+03
 1.488415537E+03	 1.282599976E+03
 1.488935836E+03	 1.294400024E+03
 1.489456081E+03	 1.292199951E+03
 1.489976270E+03	 1.291599976E+03
 1.490496405E+03	 1.295400024E+03
 1.491016485E+03	 1.294199951E+03
 1.491536511E+03	 1.279199951E+03
 1.492056481E+03	 1.295800049E+03
 1.492576397E+03	 1.301000000E+03
 1.493096258E+03	 1.278000000E+03
 1.493616064E+03	 1.281800049E+03
 1.494135816E+03	 1.286400024E+03
 1.494655513E+03	 1.284599976E+03
 1.495175155E+03	 1.284599976E+03
 1.495694742E+03	 1.285000000E+03
 1.496214274E+03	 1.286599976E+03
 1.496733752E+03	 1.290800049E+03
 1.497253175E+03	 1.276000000E+03
 1.497772544E+03	 1.296599976E+03
 1.498291858E+03	 1.301199951E+03
 1.498811116E+03	 1.286400024E+03
 1.499330321E+03	 1.284800049E+03
 1.499849470E+03	 1.285000000E+03
 1.500368565E+03	 1.279800049E+03
 1.500887605E+03	 1.283800049E+03
 1.501406591E+03	 1.284199951E+03
 1.501925521E+03	 1.286000000E+03
 1.502444397E+03	 1.281199951E+03
 1.502963219E+03	 1.283400024E+03
 1.503481985E+03	 1.267400024E+03
 1.504000697E+03	 1.291199951E+03
 1.504519355E+03	 1.275000000E+03
 1.505037957E+03	 1.267400024E+03
 1.505556505E+03	 1.277800049E+03
 1.506074999E+03	 1.277199951E+03
 1.506593437E+03	 1.274199951E+03
 1.507111821E+03	 1.269599976E+03
 1.507630150E+03	 1.287400024E+03
 1.508148425E+03	 1.266000000E+03
 1.508666645E+03	 1.265599976E+03
 1.509184810E+03	 1.270199951E+03
 1.509702921E+03	 1.277400024E+03
 1.510220977E+03	 1.284599976E+03
 1.510738979E+03	 1.277199951E+03
 1.511256925E+03	 1.265000000E+03
 1.511774817E+03	 1.258400024E+03
 1.512292655E+03	 1.267199951E+03
 1.512810438E+03	 1.265000000E+03
 1.513328166E+03	 1.279199951E+03
 1.513845840E+03	 1.270000000E+03
 1.514363459E+03	 1.278599976E+03
 1.514881023E+03	 1.269199951E+03
 1.515398533E+03	 1.271000000E+03
 1.515915988E+03	 1.271800049E+03
 1.516433389E+03	 1.268599976E+03
 1.516950734E+03	 1.284199951E+03
 1.517468026E+03	 1.273000000E+03
 1.517985263E+03	 1.286400024E+03
 1.518502445E+03	 1.266000000E+03
 1.519019572E+03	 1.276199951E+03
 1.519536645E+03	 1.262599976E+03
 1.520053664E+03	 1.263800049E+03
 1.520570628E+03	 1.265199951E+03
 1.521087537E+03	 1.267400024E+03
 1.521604392E+03	 1.279400024E+03
 1.522121192E+03	 1.257599976E+03
 1.522637937E+03	 1.270199951E+03
 1.523154628E+03	 1.273000000E+03
 1.523671265E+03	 1.268800049E+03
 1.524187847E+03	 1.264000000E+03
 1.524704374E+03	 1.252199951E+03
 1.525220847E+03	 1.266800049E+03
 1.525737265E+03	 1.259199951E+03
 1.526253629E+03	 1.264800049E+03
 1.526769938E+03	 1.264599976E+03
 1.527286192E+03	 1.265800049E+03
 1.527802392E+03	 1.255599976E+03
 1.528318538E+03	 1.264199951E+03
 1.528834629E+03	 1.260000000E+03
 1.529350666E+03	 1.258599976E+03
 1.529866648E+03	 1.274199951E+03
 1.530382575E+03	 1.268599976E+03
 1.530898448E+03	 1.273400024E+03
 1.531414266E+03	 1.274400024E+03
 1.531930030E+03	 1.275000000E+03
 1.532445740E+03	 1.265199951E+03
 1.532961395E+03	 1.251599976E+03
 1.533476995E+03	 1.268800049E+03
 1.533992541E+03	 1.257400024E+03
 1.534508033E+03	 1.258599976E+03
 1.535023470E+03	 1.266599976E+03
 1.535538852E+03	 1.265599976E+03
 1.536054180E+03	 1.273599976E+03
 1.536569454E+03	 1.264800049E+03
 1.537084673E+03	 1.267000000E+03
 1.537599837E+03	 1.264000000E+03
 1.538114947E+03	 1.267199951E+03
 1.538630003E+03	 1.263400024E+03
 1.539145004E+03	 1.270800049E+03
 1.539659951E+03	 1.267599976E+03
 1.540174843E+03	 1.280000000E+03
 1.540689681E+03	 1.255599976E+03
 1.541204465E+03	 1.252000000E+03
 1.541719194E+03	 1.269800049E+03
 1.542233868E+03	 1.264800049E+03
 1.542748488E+03	 1.258199951E+03
 1.543263054E+03	 1.254599976E+03
 1.543777565E+03	 1.254800049E+03
 1.544292022E+03	 1.271400024E+03
 1.544806424E+03	 1.261800049E+03
 1.545320772E+03	 1.271199951E+03
 1.545835066E+03	 1.261000000E+03
 1.546349305E+03	 1.257800049E+03
 1.546863489E+03	 1.260000000E+03
 1.547377620E+03	 1.256199951E+03
 1.547891696E+03	 1.275800049E+03
 1.548405717E+03	 1.266400024E+03
 1.548919684E+03	 1.257800049E+03
 1.549433597E+03	 1.262599976E+03
 1.549947455E+03	 1.263000000E+03
 1.550461259E+03	 1.256400024E+03
 1.550975009E+03	 1.253199951E+03
 1.551488704E+03	 1.248199951E+03
 1.552002345E+03	 1.256000000E+03
 1.552515931E+03	 1.244800049E+03
 1.553029463E+03	 1.266800049E+03
 1.553542941E+03	 1.248000000E+03
 1.554056364E+03	 1.270000000E+03
 1.554569733E+03	 1.247800049E+03
 1.555083048E+03	 1.243599976E+03
 1.555596308E+03	 1.256800049E+03
 1.556109514E+03	 1.256199951E+03
 1.556622665E+03	 1.250000000E+03
 1.557135762E+03	 1.253599976E+03
 1.557648805E+03	 1.252199951E+03
 1.558161794E+03	 1.263199951E+03
 1.558674728E+03	 1.253800049E+03
 1.559187608E+03	 1.241400024E+03
 1.559700433E+03	 1.261599976E+03
 1.560213205E+03	 1.248400024E+03
 1.560725921E+03	 1.252000000E+03
 1.561238584E+03	 1.250800049E+03
 1.561751192E+03	 1.259400024E+03
 1.562263746E+03	 1.248599976E+03
 1.562776246E+03	 1.260800049E+03
 1.563288691E+03	 1.259800049E+03
 1.563801082E+03	 1.246000000E+03
 1.564313419E+03	 1.249400024E+03
 1.564825701E+03	 1.246599976E+03
 1.565337929E+03	 1.256599976E+03
 1.565850103E+03	 1.249800049E+03
 1.566362223E+03	 1.248400024E+03
 1.566874288E+03	 1.241599976E+03
 1.567386299E+03	 1.250599976E+03
 1.567898256E+03	 1.245599976E+03
 1.568410158E+03	 1.258199951E+03
 1.568922007E+03	 1.244000000E+03
 1.569433800E+03	 1.244800049E+03
 1.569945540E+03	 1.261599976E+03
 1.570457226E+03	 1.240199951E+03
 1.570968857E+03	 1.253199951E+03
 1.571480434E+03	 1.240000000E+03
 1.571991956E+03	 1.248800049E+03
 1.572503425E+03	 1.253800049E+03
 1.573014839E+03	 1.256000000E+03
 1.573526199E+03	 1.236800049E+03
 1.574037505E+03	 1.241400024E+03
 1.574548756E+03	 1.258000000E+03
 1.575059953E+03	 1.242199951E+03
 1.575571096E+03	 1.248199951E+03
 1.576082185E+03	 1.247000000E+03
 1.576593220E+03	 1.247400024E+03
 1.577104200E+03	 1.242000000E+03
 1.577615126E+03	 1.245400024E+03
 1.578125998E+03	 1.250400024E+03
 1.578636816E+03	 1.241800049E+03
 1.579147580E+03	 1.242000000E+03
 1.579658289E+03	 1.248599976E+03
 1.580168944E+03	 1.244000000E+03
 1.580679545E+03	 1.238400024E+03
 1.581190092E+03	 1.243199951E+03
 1.581700585E+03	 1.240199951E+03
 1.582211023E+03	 1.245599976E+03
 1.582721407E+03	 1.255199951E+03
 1.583231737E+03	 1.253800049E+03
 1.583742013E+03	 1.232800049E+03
 1.584252235E+03	 1.236800049E+03
 1.584762403E+03	 1.239800049E+03
 1.585272516E+03	 1.231800049E+03
 1.585782575E+03	 1.227000000E+03
 1.586292581E+03	 1.240000000E+03
 1.586802532E+03	 1.229800049E+03
 1.587312428E+03	 1.238400024E+03
 1.587822271E+03	 1.245599976E+03
 1.588332060E+03	 1.240800049E+03
 1.588841794E+03	 1.236400024E+03
 1.589351474E+03	 1.250199951E+03
 1.589861100E+03	 1.245599976E+03
 1.590370672E+03	 1.237000000E+03
 1.590880190E+03	 1.217800049E+03
 1.591389654E+03	 1.233199951E+03
 1.591899064E+03	 1.232800049E+03
 1.592408419E+03	 1.235599976E+03
