1042.452273	813.0
1043.018714	809.4000244
1043.585098	806.0
1044.151424	812.0
1044.717692	805.0
1045.283903	802.0
1045.850056	806.2000122
1046.416151	797.2000122
1046.982188	805.4000244
1047.548167	804.4000244
1048.114089	807.2000122
1048.679953	807.2000122
1049.24576	800.5999756
1049.811509	809.5999756
1050.3772	796.4000244
1050.942833	799.5999756
1051.508408	793.2000122
1052.073926	799.5999756
1052.639387	799.4000244
1053.204789	798.0
1053.770134	802.5999756
1054.335421	794.5999756
1054.900651	806.2000122
1055.465823	798.0
1056.030937	790.7999878
1056.595993	796.0
1057.160992	800.4000244
1057.725934	794.0
1058.290817	796.4000244
1058.855643	788.2000122
1059.420411	798.2000122
1059.985122	791.7999878
1060.549775	792.7999878
1061.114371	794.0
1061.678908	795.0
1062.243389	791.4000244
1062.807811	795.2000122
1063.372176	794.0
1063.936483	798.4000244
1064.500733	795.7999878
1065.064925	794.2000122
1065.62906	791.4000244
1066.193137	792.4000244
1066.757156	790.7999878
1067.321118	791.2000122
1067.885022	789.2000122
1068.448869	799.2000122
1069.012658	795.2000122
1069.57639	787.0
1070.140063	802.0
1070.70368	796.5999756
1071.267239	788.5999756
1071.83074	797.5999756
1072.394184	787.0
1072.95757	793.7999878
1073.520899	789.4000244
1074.08417	800.0
1074.647383	788.2000122
1075.21054	798.0
1075.773638	789.0
1076.336679	788.0
1076.899663	788.4000244
1077.462589	785.4000244
1078.025457	789.4000244
1078.588268	795.4000244
1079.151022	784.4000244
1079.713718	791.5999756
1080.276356	791.7999878
1080.838937	793.5999756
1081.401461	790.7999878
1081.963927	792.5999756
1082.526336	790.0
1083.088687	788.4000244
1083.650981	784.2000122
1084.213217	781.4000244
1084.775396	787.4000244
1085.337517	789.2000122
1085.899581	791.2000122
1086.461587	778.7999878
1087.023536	794.4000244
1087.585428	788.5999756
1088.147262	786.4000244
1088.709039	788.2000122
1089.270758	784.5999756
1089.83242	787.0
1090.394024	782.0
1090.955571	790.2000122
1091.517061	788.0
1092.078493	785.4000244
1092.639868	784.0
1093.201185	790.5999756
1093.762445	789.4000244
1094.323648	788.0
1094.884793	787.0
1095.445881	784.0
1096.006911	785.2000122
1096.567884	786.2000122
1097.1288	788.0
1097.689659	788.7999878
1098.25046	790.7999878
1098.811203	782.5999756
1099.37189	782.4000244
1099.932518	789.0
1100.49309	783.7999878
1101.053604	782.7999878
1101.614061	781.2000122
1102.174461	781.4000244
1102.734803	785.4000244
1103.295088	786.7999878
1103.855316	782.5999756
1104.415486	781.4000244
1104.975599	789.2000122
1105.535655	784.7999878
1106.095653	783.0
1106.655594	782.4000244
1107.215478	785.5999756
1107.775305	780.4000244
1108.335074	784.2000122
1108.894786	789.4000244
1109.45444	780.0
1110.014038	780.0
1110.573578	777.7999878
1111.133061	786.7999878
1111.692486	782.5999756
1112.251854	785.7999878
1112.811165	784.2000122
1113.370419	780.0
1113.929616	780.7999878
1114.488755	783.0
1115.047837	784.4000244
1115.606862	786.7999878
1116.16583	779.7999878
1116.72474	785.0
1117.283593	786.5999756
1117.842389	783.5999756
1118.401128	785.0
1118.959809	785.4000244
1119.518433	778.7999878
1120.077	786.5999756
1120.63551	790.0
1121.193963	779.5999756
1121.752358	778.7999878
1122.310697	773.4000244
1122.868978	782.7999878
1123.427202	785.2000122
1123.985368	780.7999878
1124.543478	778.7999878
1125.10153	780.7999878
1125.659526	782.0
1126.217464	789.0
1126.775345	781.7999878
1127.333168	783.0
1127.890935	778.5999756
1128.448644	781.5999756
1129.006297	784.4000244
1129.563892	787.2000122
1130.12143	784.2000122
1130.678911	780.5999756
1131.236335	783.0
1131.793701	783.0
1132.351011	780.4000244
1132.908263	778.2000122
1133.465458	780.2000122
1134.022597	779.4000244
1134.579678	780.2000122
1135.136702	781.0
1135.693669	783.0
1136.250578	781.2000122
1136.807431	783.0
1137.364227	780.2000122
1137.920965	787.0
1138.477647	779.5999756
1139.034271	781.0
1139.590839	777.7999878
1140.147349	782.2000122
1140.703802	787.7999878
1141.260198	778.7999878
1141.816537	779.5999756
1142.37282	784.7999878
1142.929045	774.4000244
1143.485213	783.4000244
1144.041323	777.0
1144.597377	779.0
1145.153374	786.4000244
1145.709314	780.0
1146.265197	777.0
1146.821023	781.2000122
1147.376792	779.0
1147.932503	780.7999878
1148.488158	782.0
1149.043756	780.4000244
1149.599297	783.2000122
1150.154781	782.4000244
1150.710207	786.2000122
1151.265577	784.5999756
1151.82089	777.7999878
1152.376146	783.5999756
1152.931345	777.5999756
1153.486487	781.0
1154.041572	777.2000122
1154.5966	781.0
1155.151571	780.0
1155.706485	785.2000122
1156.261342	774.7999878
1156.816142	782.2000122
1157.370885	782.4000244
1157.925572	782.7999878
1158.480201	790.0
1159.034774	787.0
1159.589289	787.2000122
1160.143748	781.7999878
1160.698149	783.7999878
1161.252494	774.5999756
1161.806782	783.4000244
1162.361013	778.5999756
1162.915187	782.0
1163.469304	781.4000244
1164.023364	776.7999878
1164.577368	781.7999878
1165.131314	779.2000122
1165.685204	772.2000122
1166.239036	773.4000244
1166.792812	780.5999756
1167.346531	779.5999756
1167.900193	784.0
1168.453798	786.2000122
1169.007347	781.0
1169.560838	775.4000244
1170.114273	780.7999878
1170.66765	781.0
1171.220971	779.7999878
1171.774235	776.5999756
1172.327443	776.0
1172.880593	780.5999756
1173.433687	777.7999878
1173.986723	781.4000244
1174.539703	775.0
1175.092626	780.5999756
1175.645493	774.7999878
1176.198302	780.5999756
1176.751055	773.4000244
1177.303751	782.2000122
1177.85639	776.5999756
1178.408972	779.0
1178.961498	777.5999756
1179.513966	783.0
1180.066378	774.0
1180.618733	781.4000244
1181.171032	774.2000122
1181.723273	770.7999878
1182.275458	769.4000244
1182.827586	770.0
1183.379657	779.7999878
1183.931672	781.7999878
1184.48363	769.5999756
1185.035531	771.4000244
1185.587375	782.5999756
1186.139162	771.2000122
1186.690893	776.5999756
1187.242567	782.0
1187.794184	782.0
1188.345745	778.0
1188.897249	776.4000244
1189.448696	777.0
1190.000086	782.5999756
1190.55142	782.0
1191.102697	775.5999756
1191.653918	781.2000122
1192.205081	784.2000122
1192.756188	776.2000122
1193.307238	789.4000244
1193.858232	776.7999878
1194.409169	776.5999756
1194.960049	777.7999878
1195.510872	775.7999878
1196.061639	770.5999756
1196.612349	771.7999878
1197.163003	776.4000244
1197.713599	772.4000244
1198.264139	773.7999878
1198.814623	777.4000244
1199.36505	774.5999756
1199.91542	770.4000244
1200.465734	780.4000244
1201.01599	774.5999756
1201.566191	774.2000122
1202.116334	780.7999878
1202.666421	778.5999756
1203.216452	773.5999756
1203.766425	774.0
1204.316343	769.7999878
1204.866203	774.4000244
1205.416007	773.5999756
1205.965754	775.5999756
1206.515445	779.7999878
1207.065079	780.4000244
1207.614657	773.7999878
1208.164177	775.7999878
1208.713642	777.4000244
1209.26305	775.5999756
1209.812401	776.0
1210.361695	778.5999756
1210.910933	767.7999878
1211.460115	777.5999756
1212.00924	767.7999878
1212.558308	774.2000122
1213.10732	777.4000244
1213.656275	775.2000122
1214.205174	778.5999756
1214.754016	775.4000244
1215.302801	774.2000122
1215.85153	776.2000122
1216.400203	769.5999756
1216.948819	773.7999878
1217.497378	775.2000122
1218.045881	777.2000122
1218.594327	772.7999878
1219.142717	775.2000122
1219.691051	774.0
1220.239327	775.4000244
1220.787548	773.5999756
1221.335712	772.4000244
1221.883819	772.5999756
1222.43187	775.5999756
1222.979864	773.2000122
1223.527802	774.2000122
1224.075683	771.7999878
1224.623508	770.2000122
1225.171277	775.0
1225.718989	769.2000122
1226.266644	771.7999878
1226.814243	770.2000122
1227.361786	770.5999756
1227.909272	774.7999878
1228.456702	776.2000122
1229.004075	776.5999756
1229.551392	774.5999756
1230.098652	771.2000122
1230.645856	772.4000244
1231.193003	773.0
1231.740094	777.5999756
1232.287129	779.2000122
1232.834107	771.7999878
1233.381029	770.2000122
1233.927894	780.0
1234.474703	775.4000244
1235.021455	767.2000122
1235.568151	775.7999878
1236.114791	775.2000122
1236.661374	771.0
1237.207901	774.2000122
1237.754372	773.5999756
1238.300786	765.5999756
1238.847144	768.5999756
1239.393445	769.5999756
1239.93969	766.5999756
1240.485879	771.7999878
1241.032011	768.2000122
1241.578087	766.7999878
1242.124106	771.5999756
1242.67007	774.7999878
1243.215976	770.2000122
1243.761827	773.2000122
1244.307621	769.7999878
1244.853359	776.4000244
1245.39904	772.4000244
1245.944665	766.4000244
1246.490234	772.5999756
1247.035746	763.7999878
1247.581203	771.7999878
1248.126602	771.2000122
1248.671946	769.0
1249.217233	772.7999878
1249.762464	767.0
1250.307638	773.0
1250.852757	765.5999756
1251.397819	766.0
1251.942824	767.7999878
1252.487774	773.2000122
1253.032667	773.4000244
1253.577503	768.0
1254.122284	771.7999878
1254.667008	769.5999756
1255.211676	776.0
1255.756288	765.7999878
1256.300843	766.4000244
1256.845342	770.7999878
1257.389785	767.0
1257.934172	771.5999756
1258.478502	769.4000244
1259.022776	769.4000244
1259.566994	763.0
1260.111156	769.0
1260.655261	769.0
1261.199311	773.0
1261.743304	766.4000244
1262.28724	767.4000244
1262.831121	766.2000122
1263.374945	763.5999756
1263.918713	772.2000122
1264.462425	768.2000122
1265.006081	767.2000122
1265.54968	776.4000244
1266.093223	772.2000122
1266.636711	771.7999878
1267.180141	767.7999878
1267.723516	768.7999878
1268.266835	764.7999878
1268.810097	768.7999878
1269.353303	768.0
1269.896453	759.5999756
1270.439547	768.5999756
1270.982584	765.5999756
1271.525566	761.5999756
1272.068491	769.4000244
1272.61136	770.7999878
1273.154173	768.4000244
1273.69693	766.7999878
1274.239631	763.4000244
1274.782275	771.2000122
1275.324864	763.2000122
1275.867396	770.4000244
1276.409872	773.4000244
1276.952292	765.2000122
1277.494656	767.7999878
1278.036964	760.7999878
1278.579215	768.0
1279.121411	768.2000122
1279.66355	765.0
1280.205634	762.4000244
1280.747661	767.7999878
1281.289632	766.2000122
1281.831547	761.7999878
1282.373406	760.0
1282.915209	764.5999756
1283.456955	766.5999756
1283.998646	769.0
1284.540281	764.5999756
1285.081859	764.5999756
1285.623381	773.0
1286.164848	835.7999878
1286.706258	854.0
1287.247612	777.0
1287.788911	765.5999756
1288.330153	765.4000244
1288.871339	767.0
1289.412469	765.2000122
1289.953543	759.5999756
1290.494561	761.2000122
1291.035523	769.4000244
1291.576428	768.4000244
1292.117278	768.0
1292.658072	761.5999756
1293.19881	763.0
1293.739492	764.4000244
1294.280118	767.5999756
1294.820687	771.4000244
1295.361201	769.4000244
1295.901659	769.2000122
1296.442061	768.0
1296.982406	766.4000244
1297.522696	762.7999878
1298.06293	761.4000244
1298.603108	762.7999878
1299.143229	767.2000122
1299.683295	767.0
1300.223305	765.4000244
1300.763259	765.0
1301.303157	755.5999756
1301.842999	764.0
1302.382785	763.7999878
1302.922515	771.2000122
1303.462189	761.5999756
1304.001807	771.5999756
1304.541369	764.0
1305.080875	764.7999878
1305.620326	758.2000122
1306.15972	760.4000244
1306.699058	762.7999878
1307.238341	758.5999756
1307.777567	761.4000244
1308.316738	762.7999878
1308.855853	757.4000244
1309.394912	762.5999756
1309.933915	756.5999756
1310.472862	765.2000122
1311.011753	762.2000122
1311.550588	767.4000244
1312.089367	761.0
1312.62809	760.0
1313.166758	755.4000244
1313.70537	770.2000122
1314.243925	761.5999756
1314.782425	765.4000244
1315.320869	760.0
1315.859257	765.0
1316.397589	762.5999756
1316.935866	761.5999756
1317.474086	766.2000122
1318.012251	758.5999756
1318.55036	767.0
1319.088413	764.7999878
1319.62641	764.7999878
1320.164351	764.4000244
1320.702236	755.0
1321.240066	767.4000244
1321.777839	763.0
1322.315557	765.7999878
1322.853219	765.7999878
1323.390826	762.7999878
1323.928376	762.2000122
1324.465871	761.0
1325.003309	764.4000244
1325.540692	766.7999878
1326.07802	760.4000244
1326.615291	760.7999878
1327.152506	763.2000122
1327.689666	768.7999878
1328.22677	761.0
1328.763818	761.4000244
1329.300811	768.0
1329.837747	769.4000244
1330.374628	762.4000244
1330.911453	763.5999756
1331.448222	763.7999878
1331.984936	759.0
1332.521594	762.4000244
1333.058196	762.4000244
1333.594742	767.0
1334.131232	765.5999756
1334.667667	759.5999756
1335.204046	764.7999878
1335.740369	761.7999878
1336.276637	761.5999756
1336.812848	767.5999756
1337.349004	760.0
1337.885105	762.7999878
1338.421149	758.2000122
1338.957138	760.5999756
1339.493071	760.5999756
1340.028949	759.4000244
1340.56477	756.0
1341.100536	761.2000122
1341.636246	756.0
1342.171901	766.5999756
1342.7075	758.7999878
1343.243043	765.7999878
1343.77853	758.5999756
1344.313962	759.0
1344.849338	763.7999878
1345.384659	764.7999878
1345.919923	758.2000122
1346.455133	760.5999756
1346.990286	758.7999878
1347.525384	766.2000122
1348.060426	764.0
1348.595412	762.5999756
1349.130343	761.7999878
1349.665218	757.0
1350.200037	764.0
1350.734801	753.0
1351.269509	761.0
1351.804162	758.2000122
1352.338758	763.7999878
1352.8733	759.5999756
1353.407785	759.7999878
1353.942215	758.0
1354.476589	758.2000122
1355.010908	761.5999756
1355.545171	757.5999756
1356.079379	758.7999878
1356.61353	765.5999756
1357.147627	758.4000244
1357.681667	762.0
1358.215652	759.2000122
1358.749582	761.7999878
1359.283456	750.4000244
1359.817274	760.4000244
1360.351037	759.0
1360.884744	757.2000122
1361.418395	752.5999756
1361.951991	764.0
1362.485531	760.5999756
1363.019016	758.5999756
1363.552445	759.4000244
1364.085819	757.4000244
1364.619137	763.0
1365.1524	765.0
1365.685607	759.7999878
1366.218758	759.4000244
1366.751854	758.7999878
1367.284894	756.5999756
1367.817879	758.5999756
1368.350808	754.7999878
1368.883682	755.5999756
1369.4165	758.0
1369.949263	761.7999878
1370.48197	759.7999878
1371.014622	762.5999756
1371.547218	763.5999756
1372.079758	762.5999756
1372.612244	761.0
1373.144673	758.2000122
1373.677047	753.5999756
1374.209366	763.4000244
1374.741629	758.4000244
1375.273836	760.0
1375.805989	756.7999878
1376.338085	759.7999878
1376.870126	757.5999756
1377.402112	762.2000122
1377.934042	751.5999756
1378.465917	760.4000244
1378.997736	759.5999756
1379.5295	764.4000244
1380.061208	757.5999756
1380.592861	758.0
1381.124459	760.0
1381.656	756.2000122
1382.187487	757.7999878
1382.718918	763.4000244
1383.250294	756.5999756
1383.781614	759.4000244
1384.312879	753.7999878
1384.844088	758.0
1385.375242	764.7999878
1385.90634	751.5999756
1386.437383	761.2000122
1386.968371	758.5999756
1387.499303	759.7999878
1388.03018	763.2000122
1388.561001	767.5999756
1389.091767	834.5999756
1389.622478	912.4000244
1390.153133	777.7999878
1390.683733	758.2000122
1391.214277	755.0
1391.744766	757.0
1392.2752	757.0
1392.805578	757.2000122
1393.335901	759.7999878
1393.866168	761.4000244
1394.396381	762.4000244
1394.926537	759.7999878
1395.456639	757.7999878
1395.986685	756.0
1396.516675	758.7999878
1397.046611	755.5999756
1397.576491	758.2000122
1398.106315	760.5999756
1398.636084	756.7999878
1399.165798	761.2000122
1399.695457	757.2000122
1400.22506	763.4000244
1400.754608	760.5999756
1401.284101	755.7999878
1401.813538	751.0
1402.34292	757.2000122
1402.872247	758.7999878
1403.401518	760.2000122
1403.930734	757.5999756
1404.459895	757.4000244
1404.989	757.5999756
1405.51805	758.2000122
1406.047045	757.2000122
1406.575984	759.2000122
1407.104869	755.7999878
1407.633697	760.2000122
1408.162471	761.4000244
1408.691189	757.4000244
1409.219852	755.4000244
1409.74846	750.4000244
1410.277013	762.5999756
1410.80551	775.7999878
1411.333952	765.5999756
1411.862339	756.4000244
1412.39067	756.4000244
1412.918946	752.0
1413.447167	757.0
1413.975333	757.4000244
1414.503444	757.2000122
1415.031499	760.7999878
1415.559499	768.4000244
1416.087444	758.0
1416.615333	755.4000244
1417.143167	752.4000244
1417.670947	758.0
1418.19867	762.5999756
1418.726339	754.4000244
1419.253952	756.5999756
1419.781511	759.2000122
1420.309014	756.0
1420.836461	751.2000122
1421.363854	754.7999878
1421.891191	760.0
1422.418474	758.7999878
1422.945701	754.0
1423.472872	759.0
1423.999989	755.0
1424.52705	753.4000244
1425.054057	751.7999878
1425.581008	757.2000122
1426.107904	758.5999756
1426.634745	757.2000122
1427.16153	758.7999878
1427.688261	753.5999756
1428.214936	753.5999756
1428.741556	752.4000244
1429.268121	756.4000244
1429.794631	757.0
1430.321085	754.5999756
1430.847485	754.0
1431.373829	755.7999878
1431.900118	756.2000122
1432.426353	754.4000244
1432.952532	754.2000122
1433.478655	751.7999878
1434.004724	758.0
1434.530738	751.5999756
1435.056696	758.5999756
1435.5826	754.0
1436.108448	757.4000244
1436.634241	756.7999878
1437.159979	758.5999756
1437.685662	752.7999878
1438.21129	754.2000122
1438.736863	761.4000244
1439.262381	750.5999756
1439.787843	761.2000122
1440.313251	756.7999878
1440.838603	760.5999756
1441.3639	758.0
1441.889143	754.4000244
1442.41433	756.0
1442.939462	755.0
1443.464539	751.4000244
1443.989561	758.7999878
1444.514528	758.4000244
1445.03944	762.4000244
1445.564297	757.2000122
1446.089099	755.5999756
1446.613846	758.2000122
1447.138537	754.4000244
1447.663174	757.7999878
1448.187756	761.4000244
1448.712282	753.0
1449.236754	754.2000122
1449.761171	753.2000122
1450.285532	752.7999878
1450.809839	753.4000244
1451.33409	749.7999878
1451.858287	756.5999756
1452.382428	754.4000244
1452.906515	758.4000244
1453.430546	755.5999756
1453.954523	757.4000244
1454.478444	756.4000244
1455.002311	751.2000122
1455.526123	751.5999756
1456.049879	751.0
1456.573581	753.4000244
1457.097227	761.0
1457.620819	754.7999878
1458.144356	752.4000244
1458.667837	752.2000122
1459.191264	752.7999878
1459.714636	757.4000244
1460.237952	756.7999878
1460.761214	749.4000244
1461.284421	756.5999756
1461.807573	756.2000122
1462.33067	757.7999878
1462.853712	758.7999878
1463.376699	752.5999756
1463.899632	753.2000122
1464.422509	751.7999878
1464.945331	759.2000122
1465.468099	753.4000244
1465.990811	756.0
1466.513469	755.5999756
1467.036071	752.5999756
1467.558619	756.2000122
1468.081112	751.4000244
1468.60355	756.7999878
1469.125933	746.5999756
1469.648261	754.5999756
1470.170534	753.5999756
1470.692752	755.5999756
1471.214916	752.7999878
1471.737024	756.4000244
1472.259078	757.2000122
1472.781077	755.7999878
1473.303021	756.0
1473.82491	752.7999878
1474.346744	754.5999756
1474.868523	754.5999756
1475.390248	754.2000122
1475.911917	753.0
1476.433532	751.5999756
1476.955092	755.0
1477.476597	753.5999756
1477.998047	755.2000122
1478.519442	751.5999756
1479.040783	754.2000122
1479.562068	756.2000122
1480.083299	754.4000244
1480.604475	753.7999878
1481.125596	756.7999878
1481.646663	758.0
1482.167674	755.7999878
1482.688631	753.4000244
1483.209533	756.2000122
1483.73038	749.2000122
1484.251172	749.0
1484.771909	755.2000122
1485.292592	752.2000122
1485.81322	749.2000122
1486.333793	750.5999756
1486.854311	750.7999878
1487.374775	751.4000244
1487.895183	751.7999878
1488.415537	748.5999756
1488.935836	754.7999878
1489.456081	751.4000244
1489.97627	753.2000122
1490.496405	750.7999878
1491.016485	756.0
1491.536511	748.4000244
1492.056481	752.0
1492.576397	757.7999878
1493.096258	748.7999878
1493.616064	752.2000122
1494.135816	752.5999756
1494.655513	752.2000122
1495.175155	748.5999756
1495.694742	755.0
1496.214274	752.0
1496.733752	754.4000244
1497.253175	751.5999756
1497.772544	747.4000244
1498.291858	744.5999756
1498.811116	754.2000122
1499.330321	751.7999878
1499.84947	754.7999878
1500.368565	754.4000244
1500.887605	751.5999756
1501.406591	752.0
1501.925521	751.2000122
1502.444397	754.5999756
1502.963219	753.0
1503.481985	753.2000122
1504.000697	749.5999756
1504.519355	750.2000122
1505.037957	752.7999878
1505.556505	753.0
1506.074999	758.2000122
1506.593437	750.7999878
1507.111821	750.2000122
1507.63015	753.4000244
1508.148425	751.5999756
1508.666645	748.7999878
1509.18481	753.0
1509.702921	749.7999878
1510.220977	751.7999878
1510.738979	757.2000122
1511.256925	748.7999878
1511.774817	756.0
1512.292655	750.5999756
1512.810438	754.5999756
1513.328166	749.7999878
1513.84584	751.0
1514.363459	749.5999756
1514.881023	748.7999878
1515.398533	753.0
1515.915988	752.7999878
1516.433389	746.4000244
1516.950734	749.4000244
1517.468026	755.0
1517.985263	751.5999756
1519.536645	749.2000122
1520.053664	750.4000244
1520.570628	749.7999878
1521.087537	751.4000244
1521.604392	757.5999756
1522.121192	747.7999878
1522.637937	756.0
1523.154628	750.5999756
1523.671265	747.7999878
1524.187847	746.4000244
1524.704374	749.5999756
1525.220847	751.7999878
1525.737265	751.7999878
1526.253629	752.5999756
1526.769938	752.4000244
1527.286192	746.5999756
1527.802392	748.5999756
1528.318538	749.7999878
1528.834629	750.4000244
1529.350666	748.5999756
1529.866648	747.4000244
1530.382575	753.0
1530.898448	749.0
1531.414266	751.7999878
1531.93003	753.0
1532.44574	748.7999878
1532.961395	752.0
1533.476995	746.5999756
1533.992541	751.7999878
1534.508033	749.4000244
1535.02347	752.0
1535.538852	751.4000244
1536.05418	748.7999878
1536.569454	747.0
1537.084673	752.7999878
1537.599837	750.5999756
1538.114947	748.2000122
1538.630003	750.4000244
1539.145004	748.5999756
1539.659951	748.4000244
1540.174843	747.4000244
1540.689681	746.0
1541.204465	748.4000244
1541.719194	743.2000122
1542.233868	753.0
1542.748488	752.0
1543.263054	743.4000244
1543.777565	753.0
1544.292022	748.0
1544.806424	752.2000122
1545.320772	750.2000122
1545.835066	747.4000244
1546.349305	752.4000244
1546.863489	749.5999756
1547.37762	750.4000244
1547.891696	743.7999878
1548.405717	748.4000244
1548.919684	757.0
1549.433597	754.0
1549.947455	753.2000122
1550.461259	747.7999878
1550.975009	751.2000122
1551.488704	754.4000244
1552.002345	749.4000244
1552.515931	752.0
1553.029463	751.0
1553.542941	750.7999878
1554.056364	748.7999878
1554.569733	746.7999878
1555.083048	751.0
1555.596308	746.4000244
1556.109514	750.2000122
1556.622665	750.0
1557.135762	747.2000122
1557.648805	749.5999756
1558.161794	754.5999756
1558.674728	747.2000122
1559.187608	752.7999878
1559.700433	750.0
1560.213205	752.2000122
1560.725921	747.2000122
1561.238584	747.5999756
1561.751192	746.7999878
1562.263746	746.4000244
1562.776246	747.4000244
1563.288691	748.0
1563.801082	751.0
1564.313419	750.5999756
1564.825701	748.5999756
1565.337929	746.4000244
1565.850103	745.0
1566.362223	752.2000122
1566.874288	747.2000122
1567.386299	747.2000122
1567.898256	748.2000122
1568.410158	755.2000122
1568.922007	757.5999756
1569.4338	746.4000244
1569.94554	747.4000244
1570.457226	749.7999878
1570.968857	747.0
1571.480434	744.4000244
1571.991956	751.7999878
1572.503425	748.0
1573.014839	742.7999878
1573.526199	744.7999878
1574.037505	752.7999878
1574.548756	747.2000122
1575.059953	748.7999878
1575.571096	748.7999878
1576.082185	750.2000122
1576.59322	749.4000244
1577.1042	746.0
1577.615126	743.2000122
1578.125998	745.5999756
1578.636816	746.0
1579.14758	749.7999878
1579.658289	749.2000122
1580.168944	742.2000122
1580.679545	746.0
1581.190092	749.2000122
1581.700585	744.5999756
1582.211023	753.5999756
1582.721407	744.2000122
1583.231737	749.4000244
1583.742013	745.5999756
1584.252235	743.2000122
1584.762403	746.2000122
1585.272516	745.5999756
1585.782575	744.4000244
1586.292581	751.4000244
1586.802532	747.0
1587.312428	742.0
1587.822271	750.0
1588.33206	751.5999756
1588.841794	746.0
1589.351474	746.4000244
1589.8611	743.5999756
1590.370672	754.2000122
1590.88019	749.5999756
1591.389654	749.7999878
1591.899064	746.5999756
1592.408419	749.7999878
