1042.452273	752.2000122
1043.018714	751.0
1043.585098	752.5999756
1044.151424	748.4000244
1044.717692	747.4000244
1045.283903	748.7999878
1045.850056	749.4000244
1046.416151	743.0
1046.982188	742.5999756
1047.548167	742.0
1048.114089	739.2000122
1048.679953	742.2000122
1049.24576	740.5999756
1049.811509	744.5999756
1050.3772	739.7999878
1050.942833	744.7999878
1051.508408	735.0
1052.073926	740.0
1052.639387	732.0
1053.204789	739.2000122
1053.770134	733.4000244
1054.335421	735.0
1054.900651	737.5999756
1055.465823	733.0
1056.030937	731.4000244
1056.595993	730.5999756
1057.160992	736.4000244
1057.725934	731.5999756
1058.290817	731.4000244
1058.855643	729.2000122
1059.420411	733.0
1059.985122	734.4000244
1060.549775	731.4000244
1061.114371	733.5999756
1061.678908	730.2000122
1062.243389	732.7999878
1062.807811	734.7999878
1063.372176	730.5999756
1063.936483	731.4000244
1064.500733	733.2000122
1065.064925	732.2000122
1065.62906	737.5999756
1066.193137	736.7999878
1066.757156	731.0
1067.321118	737.2000122
1067.885022	729.5999756
1068.448869	734.5999756
1069.012658	728.0
1069.57639	729.5999756
1070.140063	742.7999878
1070.70368	737.2000122
1071.267239	731.4000244
1071.83074	733.5999756
1072.394184	738.7999878
1072.95757	734.5999756
1073.520899	733.2000122
1074.08417	734.7999878
1074.647383	740.5999756
1075.21054	737.7999878
1075.773638	735.0
1076.336679	739.4000244
1076.899663	735.5999756
1077.462589	736.2000122
1078.025457	738.4000244
1078.588268	735.7999878
1079.151022	741.2000122
1079.713718	739.5999756
1080.276356	740.5999756
1080.838937	746.0
1081.401461	743.5999756
1081.963927	741.0
1082.526336	752.5999756
1083.088687	750.2000122
1083.650981	759.4000244
1084.213217	754.7999878
1084.775396	757.7999878
1085.337517	760.0
1085.899581	766.4000244
1086.461587	765.0
1087.023536	769.0
1087.585428	774.0
1088.147262	773.2000122
1088.709039	776.5999756
1089.270758	778.7999878
1089.83242	779.7999878
1090.394024	783.5999756
1090.955571	793.0
1091.517061	783.7999878
1092.078493	795.7999878
1092.639868	794.0
1093.201185	790.7999878
1093.762445	792.4000244
1094.323648	789.2000122
1094.884793	787.0
1095.445881	786.5999756
1096.006911	779.4000244
1096.567884	783.2000122
1097.1288	778.0
1097.689659	768.5999756
1098.25046	766.2000122
1098.811203	763.4000244
1099.37189	761.0
1099.932518	762.2000122
1100.49309	753.0
1101.053604	752.0
1101.614061	755.0
1102.174461	752.4000244
1102.734803	747.2000122
1103.295088	741.5999756
1103.855316	742.4000244
1104.415486	738.5999756
1104.975599	739.0
1105.535655	741.4000244
1106.095653	733.2000122
1106.655594	738.4000244
1107.215478	737.2000122
1107.775305	741.0
1108.335074	736.2000122
1108.894786	727.7999878
1109.45444	734.4000244
1110.014038	730.7999878
1110.573578	728.5999756
1111.133061	728.5999756
1111.692486	730.7999878
1112.251854	729.0
1112.811165	730.5999756
1113.370419	721.2000122
1113.929616	733.0
1114.488755	727.5999756
1115.047837	732.5999756
1115.606862	727.5999756
1116.16583	722.7999878
1116.72474	726.2000122
1117.283593	731.7999878
1117.842389	732.2000122
1118.401128	728.5999756
1118.959809	731.7999878
1119.518433	722.7999878
1120.077	728.0
1120.63551	722.2000122
1121.193963	724.7999878
1121.752358	726.7999878
1122.310697	725.0
1122.868978	724.7999878
1123.427202	725.2000122
1123.985368	725.7999878
1124.543478	724.0
1125.10153	726.5999756
1125.659526	725.2000122
1126.217464	721.0
1126.775345	723.2000122
1127.333168	722.7999878
1127.890935	727.4000244
1128.448644	725.5999756
1129.006297	721.4000244
1129.563892	724.2000122
1130.12143	729.5999756
1130.678911	726.2000122
1131.236335	729.2000122
1131.793701	727.7999878
1132.351011	724.0
1132.908263	725.2000122
1133.465458	723.0
1134.022597	722.4000244
1134.579678	728.4000244
1135.136702	722.5999756
1135.693669	723.4000244
1136.250578	727.4000244
1136.807431	722.5999756
1137.364227	727.0
1137.920965	721.0
1138.477647	728.4000244
1139.034271	726.4000244
1139.590839	723.2000122
1140.147349	726.5999756
1140.703802	727.4000244
1141.260198	722.0
1141.816537	724.7999878
1142.37282	726.5999756
1142.929045	725.4000244
1143.485213	730.5999756
1144.041323	724.4000244
1144.597377	725.5999756
1145.153374	724.0
1145.709314	725.4000244
1146.265197	724.2000122
1146.821023	731.5999756
1147.376792	725.4000244
1147.932503	722.5999756
1148.488158	724.4000244
1149.043756	721.2000122
1149.599297	729.2000122
1150.154781	727.2000122
1150.710207	727.4000244
1151.265577	727.0
1151.82089	724.5999756
1152.376146	727.0
1152.931345	726.4000244
1153.486487	728.5999756
1154.041572	724.2000122
1154.5966	725.2000122
1155.151571	730.4000244
1155.706485	731.4000244
1156.261342	720.5999756
1156.816142	726.5999756
1157.370885	725.4000244
1157.925572	718.5999756
1158.480201	721.2000122
1159.034774	727.4000244
1159.589289	729.5999756
1160.143748	725.7999878
1160.698149	731.7999878
1161.252494	725.0
1161.806782	728.5999756
1162.361013	728.2000122
1162.915187	728.4000244
1163.469304	724.4000244
1164.023364	729.2000122
1164.577368	726.4000244
1165.131314	722.7999878
1165.685204	722.2000122
1166.239036	726.5999756
1166.792812	725.0
1167.346531	725.5999756
1167.900193	723.5999756
1168.453798	725.2000122
1169.007347	733.0
1169.560838	723.5999756
1170.114273	728.2000122
1170.66765	722.7999878
1171.220971	722.4000244
1171.774235	724.5999756
1172.327443	726.2000122
1172.880593	721.2000122
1173.433687	726.5999756
1173.986723	720.5999756
1174.539703	727.0
1175.092626	725.4000244
1175.645493	720.4000244
1176.198302	726.7999878
1176.751055	725.0
1177.303751	718.2000122
1177.85639	720.2000122
1178.408972	726.2000122
1178.961498	723.4000244
1179.513966	723.0
1180.066378	723.7999878
1180.618733	723.4000244
1181.171032	719.7999878
1181.723273	721.2000122
1182.275458	725.5999756
1182.827586	720.4000244
1183.379657	726.4000244
1183.931672	726.5999756
1184.48363	727.2000122
1185.035531	727.5999756
1185.587375	729.0
1186.139162	725.7999878
1186.690893	722.7999878
1187.242567	726.0
1187.794184	720.7999878
1188.345745	725.4000244
1188.897249	723.2000122
1189.448696	725.2000122
1190.000086	721.7999878
1190.55142	724.2000122
1191.102697	719.7999878
1191.653918	728.5999756
1192.205081	724.4000244
1192.756188	723.4000244
1193.307238	741.2000122
1193.858232	718.5999756
1194.409169	729.4000244
1194.960049	716.5999756
1195.510872	723.0
1196.061639	722.0
1196.612349	723.4000244
1197.163003	726.2000122
1197.713599	724.0
1198.264139	723.4000244
1198.814623	724.4000244
1199.36505	722.5999756
1199.91542	720.0
1200.465734	724.0
1201.01599	723.4000244
1201.566191	723.0
1202.116334	726.4000244
1202.666421	724.2000122
1203.216452	722.5999756
1203.766425	724.4000244
1204.316343	724.7999878
1204.866203	724.0
1205.416007	721.5999756
1205.965754	721.2000122
1206.515445	726.2000122
1207.065079	724.4000244
1207.614657	725.0
1208.164177	725.4000244
1208.713642	723.5999756
1209.26305	730.4000244
1209.812401	721.0
1210.361695	720.7999878
1210.910933	721.4000244
1211.460115	725.2000122
1212.00924	723.5999756
1212.558308	727.4000244
1213.10732	728.4000244
1213.656275	719.0
1214.205174	721.5999756
1214.754016	727.7999878
1215.302801	725.4000244
1215.85153	725.4000244
1216.400203	723.5999756
1216.948819	725.5999756
1217.497378	722.4000244
1218.045881	727.0
1218.594327	725.4000244
1219.142717	727.0
1219.691051	724.0
1220.239327	726.0
1220.787548	724.2000122
1221.335712	723.5999756
1221.883819	724.7999878
1222.43187	721.4000244
1222.979864	728.7999878
1223.527802	724.7999878
1224.075683	727.7999878
1224.623508	718.4000244
1225.171277	723.2000122
1225.718989	733.0
1226.266644	721.5999756
1226.814243	724.0
1227.361786	725.5999756
1227.909272	729.5999756
1228.456702	724.4000244
1229.004075	722.7999878
1229.551392	722.0
1230.098652	727.5999756
1230.645856	723.2000122
1231.193003	725.0
1231.740094	727.4000244
1232.287129	722.2000122
1232.834107	724.0
1233.381029	729.5999756
1233.927894	723.0
1234.474703	727.4000244
1235.021455	724.0
1235.568151	723.0
1236.114791	726.5999756
1236.661374	728.4000244
1237.207901	723.4000244
1237.754372	726.7999878
1238.300786	722.7999878
1238.847144	722.4000244
1239.393445	726.4000244
1239.93969	725.5999756
1240.485879	725.7999878
1241.032011	729.0
1241.578087	723.7999878
1242.124106	726.7999878
1242.67007	720.4000244
1243.215976	725.2000122
1243.761827	725.2000122
1244.307621	728.0
1244.853359	724.0
1245.39904	730.0
1245.944665	728.2000122
1246.490234	726.0
1247.035746	730.4000244
1247.581203	724.2000122
1248.126602	726.0
1248.671946	725.5999756
1249.217233	727.7999878
1249.762464	723.2000122
1250.307638	727.5999756
1250.852757	726.7999878
1251.397819	723.4000244
1251.942824	730.0
1252.487774	725.4000244
1253.032667	722.4000244
1253.577503	723.2000122
1254.122284	729.5999756
1254.667008	727.0
1255.211676	718.7999878
1255.756288	728.0
1256.300843	726.4000244
1256.845342	726.5999756
1257.389785	721.4000244
1257.934172	721.7999878
1258.478502	726.0
1259.022776	731.2000122
1259.566994	729.5999756
1260.111156	737.2000122
1260.655261	723.0
1261.199311	725.4000244
1261.743304	726.0
1262.28724	725.7999878
1262.831121	727.2000122
1263.374945	735.4000244
1263.918713	736.4000244
1264.462425	741.4000244
1265.006081	761.0
1265.54968	785.0
1266.093223	763.2000122
1266.636711	745.7999878
1267.180141	729.4000244
1267.723516	725.5999756
1268.266835	726.0
1268.810097	731.2000122
1269.353303	725.5999756
1269.896453	720.2000122
1270.439547	728.5999756
1270.982584	724.7999878
1271.525566	727.2000122
1272.068491	726.7999878
1272.61136	727.5999756
1273.154173	725.4000244
1273.69693	728.0
1274.239631	728.5999756
1274.782275	723.4000244
1275.324864	724.7999878
1275.867396	726.7999878
1276.409872	726.0
1276.952292	727.4000244
1277.494656	722.7999878
1278.036964	723.7999878
1278.579215	729.4000244
1279.121411	736.2000122
1279.66355	724.5999756
1280.205634	725.0
1280.747661	724.2000122
1281.289632	729.2000122
1281.831547	732.4000244
1282.373406	729.7999878
1282.915209	733.2000122
1283.456955	746.4000244
1283.998646	763.5999756
1284.540281	823.7999878
1285.081859	1048.0
1285.623381	1555.599976
1286.164848	1320.800049
1286.706258	878.4000244
1287.247612	773.0
1287.788911	749.2000122
1288.330153	738.0
1288.871339	735.4000244
1289.412469	729.4000244
1289.953543	727.4000244
1290.494561	730.2000122
1291.035523	729.2000122
1291.576428	726.7999878
1292.117278	726.2000122
1292.658072	724.0
1293.19881	727.7999878
1293.739492	722.4000244
1294.280118	724.7999878
1294.820687	724.5999756
1295.361201	725.4000244
1295.901659	726.5999756
1296.442061	725.0
1296.982406	723.2000122
1297.522696	724.4000244
1298.06293	724.7999878
1298.603108	722.5999756
1299.143229	721.0
1299.683295	723.4000244
1300.223305	723.4000244
1300.763259	724.2000122
1301.303157	725.5999756
1301.842999	720.5999756
1302.382785	722.0
1302.922515	722.0
1303.462189	726.7999878
1304.001807	718.4000244
1304.541369	723.5999756
1305.080875	728.0
1305.620326	721.4000244
1306.15972	725.5999756
1306.699058	720.4000244
1307.238341	724.7999878
1307.777567	720.7999878
1308.316738	723.0
1308.855853	718.5999756
1309.394912	722.7999878
1309.933915	728.4000244
1310.472862	726.0
1311.011753	719.0
1311.550588	716.5999756
1312.089367	720.4000244
1312.62809	724.0
1313.166758	723.5999756
1313.70537	721.0
1314.243925	720.2000122
1314.782425	722.0
1315.320869	721.7999878
1315.859257	719.2000122
1316.397589	722.2000122
1316.935866	723.0
1317.474086	721.5999756
1318.012251	720.0
1318.55036	719.4000244
1319.62641	724.5999756
1320.164351	721.5999756
1320.702236	721.5999756
1321.240066	718.2000122
1321.777839	721.7999878
1322.315557	722.0
1322.853219	722.2000122
1323.390826	720.2000122
1323.928376	725.2000122
1324.465871	717.4000244
1325.003309	722.2000122
1325.540692	723.2000122
1326.07802	722.4000244
1326.615291	723.5999756
1327.152506	720.2000122
1327.689666	723.0
1328.22677	718.4000244
1328.763818	726.2000122
1329.300811	725.4000244
1329.837747	721.7999878
1330.374628	725.7999878
1330.911453	717.5999756
1331.448222	722.0
1331.984936	719.0
1332.521594	724.2000122
1333.058196	727.4000244
1333.594742	724.2000122
1334.131232	722.2000122
1334.667667	722.7999878
1335.204046	717.4000244
1335.740369	722.5999756
1336.276637	721.7999878
1336.812848	720.4000244
1337.349004	722.4000244
1337.885105	720.5999756
1338.421149	726.2000122
1338.957138	720.2000122
1339.493071	726.0
1340.028949	725.7999878
1340.56477	721.4000244
1341.100536	723.2000122
1341.636246	719.5999756
1342.171901	727.5999756
1342.7075	718.4000244
1343.243043	720.4000244
1343.77853	722.7999878
1344.313962	721.0
1344.849338	721.2000122
1345.384659	721.7999878
1345.919923	718.5999756
1346.455133	721.5999756
1346.990286	721.5999756
1347.525384	715.2000122
1348.060426	721.7999878
1348.595412	720.2000122
1349.130343	721.2000122
1349.665218	718.2000122
1350.200037	724.0
1350.734801	721.2000122
1351.269509	724.7999878
1351.804162	723.2000122
1352.338758	722.7999878
1352.8733	716.7999878
1353.407785	726.0
1353.942215	721.2000122
1354.476589	723.7999878
1355.010908	724.4000244
1355.545171	722.4000244
1356.079379	721.7999878
1356.61353	727.4000244
1357.147627	721.7999878
1357.681667	726.7999878
1358.215652	719.4000244
1358.749582	720.7999878
1359.283456	719.4000244
1359.817274	726.2000122
1360.351037	722.2000122
1360.884744	719.5999756
1361.418395	725.5999756
1361.951991	720.2000122
1362.485531	725.0
1363.019016	721.0
1363.552445	719.7999878
1364.085819	719.5999756
1364.619137	719.0
1365.1524	723.0
1365.685607	726.2000122
1366.218758	724.7999878
1366.751854	725.7999878
1367.284894	723.7999878
1367.817879	723.5999756
1368.350808	723.2000122
1368.883682	721.7999878
1369.4165	724.4000244
1369.949263	724.5999756
1370.48197	742.4000244
1371.014622	744.7999878
1371.547218	722.5999756
1372.079758	724.0
1372.612244	723.0
1373.144673	719.2000122
1373.677047	720.5999756
1374.209366	726.4000244
1374.741629	723.4000244
1375.273836	722.4000244
1375.805989	719.2000122
1376.338085	721.0
1376.870126	723.7999878
1377.402112	721.2000122
1377.934042	724.2000122
1378.465917	726.7999878
1378.997736	726.5999756
1379.5295	725.7999878
1380.061208	724.4000244
1380.592861	728.5999756
1381.124459	726.5999756
1381.656	731.2000122
1382.187487	726.0
1382.718918	729.0
1383.250294	734.4000244
1383.781614	723.7999878
1384.312879	731.0
1384.844088	728.7999878
1385.375242	729.4000244
1385.90634	734.4000244
1386.437383	751.2000122
1386.968371	758.5999756
1387.499303	786.4000244
1388.03018	892.0
1388.561001	1466.0
1389.091767	2266.600098
1389.622478	1314.599976
1390.153133	842.5999756
1390.683733	767.2000122
1391.214277	746.4000244
1391.744766	735.0
1392.2752	738.0
1392.805578	730.2000122
1393.335901	733.7999878
1393.866168	726.2000122
1394.396381	721.4000244
1394.926537	724.5999756
1395.456639	728.5999756
1395.986685	729.4000244
1396.516675	725.4000244
1397.046611	724.0
1397.576491	722.2000122
1398.106315	722.7999878
1398.636084	721.0
1399.165798	721.7999878
1399.695457	723.7999878
1400.22506	726.2000122
1400.754608	720.7999878
1401.284101	729.4000244
1401.813538	723.4000244
1402.34292	720.7999878
1402.872247	724.7999878
1403.401518	724.7999878
1403.930734	725.2000122
1404.459895	724.0
1404.989	726.5999756
1405.51805	720.7999878
1406.047045	718.7999878
1406.575984	725.0
1407.104869	729.4000244
1407.633697	720.4000244
1408.162471	726.0
1408.691189	732.0
1409.219852	739.2000122
1409.74846	778.7999878
1410.277013	831.0
1410.80551	798.7999878
1411.333952	744.7999878
1411.862339	732.0
1412.39067	725.4000244
1412.918946	727.5999756
1413.447167	723.2000122
1413.975333	721.4000244
1414.503444	723.5999756
1415.031499	723.0
1415.559499	731.0
1416.087444	727.7999878
1416.615333	719.7999878
1417.143167	722.0
1417.670947	722.0
1418.19867	724.7999878
1418.726339	720.0
1419.253952	720.0
1419.781511	723.0
1420.309014	719.0
1420.836461	726.7999878
1421.363854	716.7999878
1421.891191	721.5999756
1422.418474	724.5999756
1422.945701	716.0
1423.472872	725.7999878
1423.999989	722.0
1424.52705	723.4000244
1425.054057	720.4000244
1425.581008	722.2000122
1426.107904	723.4000244
1426.634745	722.0
1427.16153	719.7999878
1427.688261	722.0
1428.214936	718.4000244
1428.741556	720.4000244
1429.268121	718.2000122
1429.794631	717.7999878
1430.321085	719.4000244
1430.847485	723.2000122
1431.373829	721.0
1431.900118	720.4000244
1432.426353	717.0
1432.952532	720.0
1433.478655	721.5999756
1434.004724	714.7999878
1434.530738	717.5999756
1435.056696	721.2000122
1435.5826	719.7999878
1436.108448	717.2000122
1436.634241	714.2000122
1437.159979	718.4000244
1437.685662	714.7999878
1438.21129	719.5999756
1438.736863	717.5999756
1439.262381	720.7999878
1439.787843	718.7999878
1440.313251	719.2000122
1440.838603	712.4000244
1441.3639	716.2000122
1441.889143	723.2000122
1442.41433	716.2000122
1442.939462	716.4000244
1443.464539	719.7999878
1443.989561	720.4000244
1444.514528	717.0
1445.03944	724.4000244
1445.564297	717.0
1446.089099	719.0
1446.613846	724.0
1447.138537	717.4000244
1447.663174	715.2000122
1448.187756	715.5999756
1448.712282	715.4000244
1449.236754	716.7999878
1449.761171	715.4000244
1450.285532	718.2000122
1450.809839	715.0
1451.33409	716.4000244
1451.858287	718.2000122
1452.382428	717.7999878
1452.906515	715.0
1453.430546	714.0
1453.954523	715.4000244
1454.478444	723.0
1455.002311	718.4000244
1455.526123	719.2000122
1456.049879	716.4000244
1456.573581	717.0
1457.097227	718.2000122
1457.620819	717.4000244
1458.144356	711.5999756
1458.667837	721.5999756
1459.191264	717.4000244
1459.714636	717.7999878
1460.237952	717.7999878
1460.761214	712.7999878
1461.284421	717.5999756
1461.807573	717.5999756
1462.33067	719.7999878
1462.853712	718.5999756
1463.376699	718.4000244
1463.899632	716.2000122
1464.422509	718.4000244
1464.945331	717.7999878
1465.468099	715.0
1465.990811	712.4000244
1466.513469	718.7999878
1467.036071	719.4000244
1467.558619	712.7999878
1468.081112	715.4000244
1468.60355	719.2000122
1469.125933	715.4000244
1469.648261	713.7999878
1470.170534	711.5999756
1470.692752	715.5999756
1471.214916	712.7999878
1471.737024	715.7999878
1472.259078	721.0
1472.781077	711.2000122
1473.303021	719.5999756
1473.82491	719.7999878
1474.346744	717.4000244
1474.868523	715.4000244
1475.390248	712.0
1475.911917	714.0
1476.433532	716.4000244
1476.955092	718.0
1477.476597	717.0
1477.998047	719.5999756
1478.519442	716.4000244
1479.040783	715.0
1479.562068	717.2000122
1480.083299	715.0
1480.604475	714.0
1481.125596	713.7999878
1481.646663	713.0
1482.167674	715.2000122
1482.688631	714.2000122
1483.209533	712.4000244
1483.73038	716.2000122
1484.251172	714.0
1484.771909	714.4000244
1485.292592	720.7999878
1485.81322	716.2000122
1486.333793	713.5999756
1486.854311	718.2000122
1487.374775	713.0
1487.895183	717.5999756
1488.415537	713.5999756
1488.935836	709.2000122
1489.456081	713.2000122
1489.97627	715.5999756
1490.496405	713.5999756
1491.016485	714.5999756
1491.536511	710.0
1492.056481	719.0
1492.576397	714.0
1493.096258	713.2000122
1493.616064	714.7999878
1494.135816	713.0
1494.655513	712.4000244
1495.175155	715.5999756
1495.694742	715.5999756
1496.214274	713.4000244
1496.733752	713.5999756
1497.253175	710.7999878
1497.772544	715.5999756
1498.291858	714.2000122
1498.811116	716.7999878
1499.330321	713.2000122
1499.84947	720.4000244
1500.368565	711.4000244
1500.887605	714.7999878
1501.406591	714.2000122
1501.925521	711.5999756
1502.444397	710.5999756
1502.963219	715.2000122
1503.481985	711.7999878
1504.000697	711.0
1504.519355	715.4000244
1505.037957	714.5999756
1505.556505	710.7999878
1506.074999	714.2000122
1506.593437	715.7999878
1507.111821	709.2000122
1507.63015	715.5999756
1508.148425	712.4000244
1508.666645	714.4000244
1509.18481	710.5999756
1509.702921	715.2000122
1510.220977	714.5999756
1510.738979	718.5999756
1511.256925	716.0
1511.774817	713.4000244
1512.292655	712.4000244
1512.810438	715.7999878
1513.328166	710.2000122
1513.84584	712.5999756
1514.363459	718.0
1514.881023	709.5999756
1515.398533	715.4000244
1515.915988	710.4000244
1516.433389	713.7999878
1516.950734	715.2000122
1517.468026	718.2000122
1517.985263	714.4000244
1518.502445	715.4000244
1519.019572	713.5999756
1519.536645	715.0
1520.053664	714.4000244
1520.570628	713.5999756
1521.087537	711.2000122
1521.604392	716.7999878
1522.121192	710.4000244
1522.637937	712.0
1523.154628	716.0
1523.671265	709.2000122
1524.187847	720.7999878
1524.704374	713.2000122
1525.220847	713.7999878
1525.737265	713.7999878
1526.253629	714.0
1526.769938	713.7999878
1527.286192	713.5999756
1527.802392	711.2000122
1528.318538	714.5999756
1528.834629	713.4000244
1529.350666	714.4000244
1529.866648	714.2000122
1530.382575	713.0
1530.898448	715.5999756
1531.414266	711.4000244
1531.93003	713.0
1532.44574	710.2000122
1532.961395	714.5999756
1533.476995	713.4000244
1533.992541	712.5999756
1534.508033	709.2000122
1535.02347	716.0
1535.538852	713.5999756
1536.05418	713.0
1536.569454	709.4000244
1537.084673	708.2000122
1537.599837	713.2000122
1538.114947	715.7999878
1538.630003	714.7999878
1539.145004	714.7999878
1539.659951	711.7999878
1540.174843	715.5999756
1540.689681	708.2000122
1541.204465	713.5999756
1541.719194	708.7999878
1542.233868	709.7999878
1542.748488	713.5999756
1543.263054	714.0
1543.777565	715.5999756
1544.292022	711.2000122
1544.806424	713.4000244
1545.320772	711.5999756
1545.835066	713.2000122
1546.349305	716.7999878
1546.863489	716.0
1547.37762	708.4000244
1547.891696	709.0
1548.405717	711.5999756
1548.919684	709.2000122
1549.433597	714.0
1549.947455	713.4000244
1550.461259	715.0
1550.975009	709.2000122
1551.488704	711.7999878
1552.002345	707.7999878
1552.515931	714.2000122
1553.029463	711.2000122
1553.542941	709.2000122
1554.056364	715.2000122
1554.569733	713.5999756
1555.083048	714.7999878
1555.596308	711.7999878
1556.109514	706.4000244
1556.622665	709.2000122
1557.135762	711.7999878
1557.648805	709.2000122
1558.161794	707.2000122
1558.674728	711.2000122
1559.187608	711.7999878
1559.700433	711.0
1560.213205	710.4000244
1560.725921	711.4000244
1561.238584	713.0
1561.751192	712.0
1562.263746	714.5999756
1562.776246	712.2000122
1563.288691	713.5999756
1563.801082	710.4000244
1564.313419	712.7999878
1564.825701	713.0
1565.337929	712.4000244
1565.850103	709.5999756
1566.362223	710.4000244
1566.874288	711.7999878
1567.386299	714.0
1567.898256	713.0
1568.410158	715.5999756
1568.922007	710.7999878
1569.4338	709.2000122
1569.94554	715.4000244
1570.457226	708.2000122
1570.968857	708.2000122
1571.480434	714.2000122
1571.991956	714.2000122
1572.503425	711.0
1573.014839	712.7999878
1573.526199	704.7999878
1574.037505	710.7999878
1574.548756	712.7999878
1575.059953	708.5999756
1575.571096	711.2000122
1576.082185	706.7999878
1576.59322	712.5999756
1577.1042	711.2000122
1577.615126	710.4000244
1578.125998	713.2000122
1578.636816	712.7999878
1579.14758	707.7999878
1579.658289	710.0
1580.168944	706.7999878
1580.679545	713.2000122
1581.190092	713.4000244
1581.700585	704.4000244
1582.211023	710.7999878
1582.721407	713.4000244
1583.231737	714.4000244
1583.742013	711.7999878
1584.252235	705.2000122
1584.762403	707.4000244
1585.272516	708.4000244
1585.782575	708.7999878
1586.292581	708.4000244
1586.802532	714.7999878
1587.312428	711.7999878
1587.822271	715.2000122
1588.33206	712.5999756
1588.841794	709.0
1589.351474	710.7999878
1589.8611	708.2000122
1590.370672	712.0
1590.88019	710.7999878
1591.389654	708.0
1591.899064	713.0
1592.408419	704.5999756
